Number of samples, Number of features:  (15440, 33)
Number of samples, Number of features:  (15440, 33)
K: 8
Using SVM with linear kernel
Mean 0.634455958549 Standard Deviation 0.00759292792215
LSVM 0.0078125 [ 0.62176166  0.63860104  0.63341969  0.62823834  0.625       0.64183938
  0.64183938  0.63665803  0.63082902  0.64637306]
Mean 0.635880829016 Standard Deviation 0.00888415968885
LSVM 0.015625 [ 0.62305699  0.64443005  0.63665803  0.62823834  0.62240933  0.64119171
  0.64443005  0.6373057   0.63147668  0.6496114 ]
Mean 0.636334196891 Standard Deviation 0.00858862993436
LSVM 0.03125 [ 0.62305699  0.64572539  0.63601036  0.63018135  0.62305699  0.64119171
  0.64507772  0.63795337  0.63277202  0.64831606]
Mean 0.636204663212 Standard Deviation 0.00926890183767
LSVM 0.0625 [ 0.62111399  0.64572539  0.63665803  0.63082902  0.62176166  0.64119171
  0.64507772  0.63795337  0.63212435  0.6496114 ]
Mean 0.636269430052 Standard Deviation 0.00910981915674
LSVM 0.125 [ 0.62111399  0.64572539  0.63665803  0.63212435  0.62176166  0.64119171
  0.64507772  0.63795337  0.63212435  0.64896373]
Mean 0.636528497409 Standard Deviation 0.00877010926415
LSVM 0.25 [ 0.62176166  0.64572539  0.63665803  0.63277202  0.62305699  0.64119171
  0.64507772  0.63795337  0.63212435  0.64896373]
Mean 0.636398963731 Standard Deviation 0.00890961983887
LSVM 0.5 [ 0.62111399  0.64572539  0.63665803  0.63212435  0.62305699  0.64119171
  0.64507772  0.63795337  0.63212435  0.64896373]
Mean 0.636334196891 Standard Deviation 0.00900818032011
LSVM 1.0 [ 0.62111399  0.64572539  0.63665803  0.63212435  0.62240933  0.64119171
  0.64507772  0.63795337  0.63212435  0.64896373]
Mean 0.63646373057 Standard Deviation 0.00903978969851
LSVM 2.0 [ 0.62111399  0.64572539  0.6373057   0.63147668  0.62305699  0.64119171
  0.64507772  0.63795337  0.63212435  0.6496114 ]
Mean 0.63646373057 Standard Deviation 0.00910452228118
LSVM 4.0 [ 0.62111399  0.64572539  0.6373057   0.63212435  0.62240933  0.64119171
  0.64507772  0.63795337  0.63212435  0.6496114 ]
Mean 0.63646373057 Standard Deviation 0.00910452228118
LSVM 8.0 [ 0.62111399  0.64572539  0.6373057   0.63212435  0.62240933  0.64119171
  0.64507772  0.63795337  0.63212435  0.6496114 ]
Mean 0.63646373057 Standard Deviation 0.00910452228118
LSVM 16.0 [ 0.62111399  0.64572539  0.6373057   0.63212435  0.62240933  0.64119171
  0.64507772  0.63795337  0.63212435  0.6496114 ]
Mean 0.636334196891 Standard Deviation 0.00911465274609
LSVM 32.0 [ 0.62111399  0.64572539  0.6373057   0.63212435  0.62176166  0.64119171
  0.64507772  0.63795337  0.63212435  0.64896373]
Mean 0.636398963731 Standard Deviation 0.00901260299834
LSVM 64.0 [ 0.62111399  0.64572539  0.6373057   0.63212435  0.62240933  0.64119171
  0.64507772  0.63795337  0.63212435  0.64896373]
Best LSVM:  (0.63652849740932638, 0.25)
Using SVM with RBF kernel
Mean 0.552979274611 Standard Deviation 0.00576242912423
LRBF 0.0078125 0.0009765625 [ 0.55246114  0.55829016  0.54209845  0.54792746  0.55181347  0.55310881
  0.55440415  0.55246114  0.55181347  0.56541451]
Mean 0.558743523316 Standard Deviation 0.00428686029621
LRBF 0.0078125 0.001953125 [ 0.55634715  0.56411917  0.55310881  0.55569948  0.55440415  0.55699482
  0.55893782  0.55829016  0.56217617  0.56735751]
Mean 0.579792746114 Standard Deviation 0.00661002633273
LRBF 0.0078125 0.00390625 [ 0.57707254  0.58873057  0.57642487  0.57642487  0.57059585  0.58484456
  0.59002591  0.5861399   0.57448187  0.57318653]
Mean 0.605310880829 Standard Deviation 0.00744790492822
LRBF 0.0078125 0.0078125 [ 0.61463731  0.61463731  0.59779793  0.60103627  0.59391192  0.60945596
  0.60362694  0.61139896  0.59585492  0.6107513 ]
Mean 0.613147668394 Standard Deviation 0.00732781763737
LRBF 0.0078125 0.015625 [ 0.62435233  0.62435233  0.60297927  0.60945596  0.60492228  0.61463731
  0.61852332  0.6126943   0.60492228  0.61463731]
Mean 0.611010362694 Standard Deviation 0.0087192620609
LRBF 0.0078125 0.03125 [ 0.60880829  0.61334197  0.61852332  0.60621762  0.60233161  0.61463731
  0.62694301  0.61658031  0.59391192  0.60880829]
Mean 0.594235751295 Standard Deviation 0.0102292656718
LRBF 0.0078125 0.0625 [ 0.59326425  0.60362694  0.60233161  0.58484456  0.59261658  0.60427461
  0.60233161  0.60362694  0.57836788  0.57707254]
Mean 0.548056994819 Standard Deviation 0.00791534513858
LRBF 0.0078125 0.125 [ 0.54857513  0.56217617  0.54792746  0.54339378  0.54209845  0.54987047
  0.56217617  0.54080311  0.54598446  0.53756477]
Mean 0.51981865285 Standard Deviation 0.00639980276012
LRBF 0.0078125 0.25 [ 0.5123057   0.52202073  0.50971503  0.52072539  0.52266839  0.52007772
  0.53432642  0.52137306  0.52007772  0.51489637]
Mean 0.509974093264 Standard Deviation 0.00473462872604
LRBF 0.0078125 0.5 [ 0.50453368  0.51295337  0.50259067  0.5123057   0.51295337  0.5123057
  0.51748705  0.50647668  0.51360104  0.50453368]
Mean 0.505958549223 Standard Deviation 0.00304886069843
LRBF 0.0078125 1.0 [ 0.50388601  0.51036269  0.50453368  0.50647668  0.50971503  0.50777202
  0.50323834  0.50388601  0.50064767  0.50906736]
Mean 0.502266839378 Standard Deviation 0.003689436624
LRBF 0.0078125 2.0 [ 0.50453368  0.50388601  0.50647668  0.5         0.49935233  0.49870466
  0.50259067  0.49740933  0.5         0.50971503]
Mean 0.552979274611 Standard Deviation 0.00576242912423
LRBF 0.015625 0.0009765625 [ 0.55246114  0.55829016  0.54209845  0.54792746  0.55181347  0.55310881
  0.55440415  0.55246114  0.55181347  0.56541451]
Mean 0.58128238342 Standard Deviation 0.00634748069352
LRBF 0.015625 0.001953125 [ 0.58095855  0.59067358  0.57966321  0.57772021  0.57059585  0.58484456
  0.59067358  0.5861399   0.5757772   0.5757772 ]
Mean 0.604404145078 Standard Deviation 0.00469548418663
LRBF 0.015625 0.00390625 [ 0.60686528  0.60880829  0.59715026  0.60103627  0.59779793  0.60427461
  0.60880829  0.61010363  0.6003886   0.60880829]
Mean 0.613860103627 Standard Deviation 0.00725735483307
LRBF 0.015625 0.0078125 [ 0.61463731  0.62111399  0.60427461  0.60686528  0.60686528  0.62370466
  0.61463731  0.62435233  0.60556995  0.61658031]
Mean 0.620272020725 Standard Deviation 0.00779384888088
LRBF 0.015625 0.015625 [ 0.62176166  0.63665803  0.61334197  0.61593264  0.61204663  0.62888601
  0.62435233  0.62176166  0.61010363  0.61787565]
Mean 0.624481865285 Standard Deviation 0.00822717332031
LRBF 0.015625 0.03125 [ 0.62759067  0.62823834  0.61852332  0.61658031  0.61204663  0.63860104
  0.63665803  0.62694301  0.62111399  0.61852332]
Mean 0.610751295337 Standard Deviation 0.012082097219
LRBF 0.015625 0.0625 [ 0.60751295  0.61852332  0.61398964  0.58937824  0.59520725  0.61593264
  0.62564767  0.625       0.59779793  0.61852332]
Mean 0.583095854922 Standard Deviation 0.00917337173636
LRBF 0.015625 0.125 [ 0.59067358  0.59650259  0.57836788  0.56411917  0.57707254  0.58937824
  0.59196891  0.5861399   0.58095855  0.5757772 ]
Mean 0.528303108808 Standard Deviation 0.00619903581601
LRBF 0.015625 0.25 [ 0.51943005  0.53432642  0.51878238  0.53108808  0.53562176  0.52979275
  0.53756477  0.52396373  0.52525907  0.52720207]
Mean 0.509974093264 Standard Deviation 0.00473462872604
LRBF 0.015625 0.5 [ 0.50453368  0.51295337  0.50259067  0.5123057   0.51295337  0.5123057
  0.51748705  0.50647668  0.51360104  0.50453368]
Mean 0.505958549223 Standard Deviation 0.00304886069843
LRBF 0.015625 1.0 [ 0.50388601  0.51036269  0.50453368  0.50647668  0.50971503  0.50777202
  0.50323834  0.50388601  0.50064767  0.50906736]
Mean 0.502266839378 Standard Deviation 0.003689436624
LRBF 0.015625 2.0 [ 0.50453368  0.50388601  0.50647668  0.5         0.49935233  0.49870466
  0.50259067  0.49740933  0.5         0.50971503]
Mean 0.582383419689 Standard Deviation 0.00592749284386
LRBF 0.03125 0.0009765625 [ 0.58160622  0.59132124  0.57966321  0.58031088  0.57059585  0.58419689
  0.59002591  0.5880829   0.57772021  0.58031088]
Mean 0.602007772021 Standard Deviation 0.00432776266121
LRBF 0.03125 0.001953125 [ 0.59909326  0.60686528  0.59909326  0.59455959  0.6003886   0.60362694
  0.60686528  0.60751295  0.59715026  0.60492228]
Mean 0.611787564767 Standard Deviation 0.0074196909283
LRBF 0.03125 0.00390625 [ 0.60945596  0.61722798  0.60945596  0.60686528  0.6003886   0.61722798
  0.61398964  0.62305699  0.6003886   0.61981865]
Mean 0.620012953368 Standard Deviation 0.00706552490561
LRBF 0.03125 0.0078125 [ 0.61463731  0.62759067  0.62240933  0.61010363  0.61010363  0.62629534
  0.62888601  0.62694301  0.61334197  0.61981865]
Mean 0.628432642487 Standard Deviation 0.00909530297622
LRBF 0.03125 0.015625 [ 0.62176166  0.6392487   0.62888601  0.62111399  0.60945596  0.6373057
  0.63601036  0.63471503  0.62176166  0.63406736]
Mean 0.633160621762 Standard Deviation 0.00997156956162
LRBF 0.03125 0.03125 [ 0.63018135  0.65284974  0.62888601  0.62823834  0.61398964  0.64248705
  0.64119171  0.63536269  0.62953368  0.62888601]
Mean 0.622215025907 Standard Deviation 0.00973680632756
LRBF 0.03125 0.0625 [ 0.61139896  0.62370466  0.62176166  0.60816062  0.6126943   0.63471503
  0.63018135  0.63665803  0.61398964  0.62888601]
Mean 0.599028497409 Standard Deviation 0.0141969443761
LRBF 0.03125 0.125 [ 0.59779793  0.61398964  0.60168394  0.56606218  0.5861399   0.60621762
  0.61722798  0.60556995  0.59067358  0.60492228]
Mean 0.553562176166 Standard Deviation 0.0079431188288
LRBF 0.03125 0.25 [ 0.55505181  0.56023316  0.54987047  0.55181347  0.55181347  0.56476684
  0.5634715   0.53950777  0.54209845  0.55699482]
Mean 0.51670984456 Standard Deviation 0.0039903942489
LRBF 0.03125 0.5 [ 0.5142487   0.51554404  0.50971503  0.51813472  0.52396373  0.52202073
  0.51748705  0.51683938  0.5123057   0.51683938]
Mean 0.505958549223 Standard Deviation 0.00304886069843
LRBF 0.03125 1.0 [ 0.50388601  0.51036269  0.50453368  0.50647668  0.50971503  0.50777202
  0.50323834  0.50388601  0.50064767  0.50906736]
Mean 0.502266839378 Standard Deviation 0.003689436624
LRBF 0.03125 2.0 [ 0.50453368  0.50388601  0.50647668  0.5         0.49935233  0.49870466
  0.50259067  0.49740933  0.5         0.50971503]
Mean 0.600841968912 Standard Deviation 0.0052620815018
LRBF 0.0625 0.0009765625 [ 0.59779793  0.60233161  0.59909326  0.59391192  0.59779793  0.59974093
  0.60621762  0.60880829  0.59391192  0.60880829]
Mean 0.610880829016 Standard Deviation 0.00688968194144
LRBF 0.0625 0.001953125 [ 0.6126943   0.61528497  0.60751295  0.60621762  0.60103627  0.61593264
  0.61398964  0.62046632  0.5984456   0.61722798]
Mean 0.616321243523 Standard Deviation 0.00811112549454
LRBF 0.0625 0.00390625 [ 0.6126943   0.62111399  0.61398964  0.60751295  0.59974093  0.62759067
  0.62435233  0.62435233  0.61398964  0.61787565]
Mean 0.625582901554 Standard Deviation 0.008220287268
LRBF 0.0625 0.0078125 [ 0.61593264  0.63147668  0.62370466  0.61593264  0.61204663  0.63212435
  0.63471503  0.625       0.62759067  0.6373057 ]
Mean 0.63335492228 Standard Deviation 0.0102832528153
LRBF 0.0625 0.015625 [ 0.62435233  0.64572539  0.63860104  0.62370466  0.6107513   0.64378238
  0.64119171  0.63795337  0.63406736  0.63341969]
Mean 0.641256476684 Standard Deviation 0.00948541264089
LRBF 0.0625 0.03125 [ 0.63665803  0.6515544   0.64378238  0.63341969  0.62176166  0.65673575
  0.64507772  0.64637306  0.64248705  0.63471503]
Mean 0.63432642487 Standard Deviation 0.00754860221986
LRBF 0.0625 0.0625 [ 0.62564767  0.64054404  0.63406736  0.62435233  0.62759067  0.6496114
  0.64183938  0.63601036  0.63341969  0.63018135]
Mean 0.613989637306 Standard Deviation 0.0149525859853
LRBF 0.0625 0.125 [ 0.60686528  0.63471503  0.61722798  0.57901554  0.60427461  0.62759067
  0.625       0.61981865  0.60621762  0.61917098]
Mean 0.57292746114 Standard Deviation 0.0123404200661
LRBF 0.0625 0.25 [ 0.57901554  0.59067358  0.56606218  0.55699482  0.55505181  0.58031088
  0.58873057  0.56217617  0.56735751  0.58290155]
Mean 0.529015544041 Standard Deviation 0.00444774215373
LRBF 0.0625 0.5 [ 0.52914508  0.53173575  0.51748705  0.53044041  0.53044041  0.53108808
  0.53497409  0.52720207  0.5265544   0.53108808]
Mean 0.506476683938 Standard Deviation 0.00285268336082
LRBF 0.0625 1.0 [ 0.50712435  0.51101036  0.50647668  0.50712435  0.50906736  0.50453368
  0.50323834  0.50518135  0.50129534  0.50971503]
Mean 0.502266839378 Standard Deviation 0.003689436624
LRBF 0.0625 2.0 [ 0.50453368  0.50388601  0.50647668  0.5         0.49935233  0.49870466
  0.50259067  0.49740933  0.5         0.50971503]
Mean 0.608095854922 Standard Deviation 0.00683251785382
LRBF 0.125 0.0009765625 [ 0.6107513   0.61204663  0.60686528  0.60427461  0.59520725  0.61204663
  0.61334197  0.61722798  0.59715026  0.61204663]
Mean 0.61560880829 Standard Deviation 0.00774634142838
LRBF 0.125 0.001953125 [ 0.61334197  0.61787565  0.61334197  0.60945596  0.59974093  0.62435233
  0.62435233  0.62694301  0.61204663  0.61463731]
Mean 0.624417098446 Standard Deviation 0.00737005653723
LRBF 0.125 0.00390625 [ 0.61787565  0.63082902  0.62176166  0.61593264  0.6107513   0.63406736
  0.63147668  0.625       0.625       0.63147668]
Mean 0.631670984456 Standard Deviation 0.00916879785707
LRBF 0.125 0.0078125 [ 0.62240933  0.64313472  0.63341969  0.62305699  0.61334197  0.64054404
  0.64119171  0.63082902  0.63082902  0.63795337]
Mean 0.641774611399 Standard Deviation 0.0120419303878
LRBF 0.125 0.015625 [ 0.63341969  0.64831606  0.65090674  0.62888601  0.61463731  0.65414508
  0.65284974  0.6392487   0.64766839  0.64766839]
Mean 0.645142487047 Standard Deviation 0.00990509239356
LRBF 0.125 0.03125 [ 0.64054404  0.65284974  0.65025907  0.63665803  0.62305699  0.65867876
  0.64896373  0.64896373  0.65284974  0.63860104]
Mean 0.640803108808 Standard Deviation 0.00880066722874
LRBF 0.125 0.0625 [ 0.63795337  0.64702073  0.63860104  0.62888601  0.63406736  0.66126943
  0.64766839  0.63860104  0.64119171  0.63277202]
Mean 0.626489637306 Standard Deviation 0.00955854109183
LRBF 0.125 0.125 [ 0.61852332  0.63536269  0.62435233  0.60945596  0.61658031  0.63665803
  0.63665803  0.63277202  0.63536269  0.61917098]
Mean 0.594689119171 Standard Deviation 0.0132789396058
LRBF 0.125 0.25 [ 0.59391192  0.61528497  0.58743523  0.56865285  0.58678756  0.60880829
  0.61204663  0.59067358  0.58937824  0.59391192]
Mean 0.542357512953 Standard Deviation 0.00678786140237
LRBF 0.125 0.5 [ 0.53173575  0.5511658   0.53108808  0.5388601   0.54080311  0.5511658
  0.54727979  0.54015544  0.54533679  0.54598446]
Mean 0.512759067358 Standard Deviation 0.00318676544045
LRBF 0.125 1.0 [ 0.51295337  0.51295337  0.5123057   0.51360104  0.51295337  0.51165803
  0.51036269  0.51683938  0.50582902  0.51813472]
Mean 0.502137305699 Standard Deviation 0.00377707857819
LRBF 0.125 2.0 [ 0.50453368  0.50388601  0.50647668  0.50064767  0.49805699  0.49870466
  0.50194301  0.49740933  0.5         0.50971503]
Mean 0.614961139896 Standard Deviation 0.00742562476056
LRBF 0.25 0.0009765625 [ 0.61334197  0.61852332  0.61139896  0.60880829  0.6003886   0.62046632
  0.62435233  0.62694301  0.61204663  0.61334197]
Mean 0.623704663212 Standard Deviation 0.00711256679445
LRBF 0.25 0.001953125 [ 0.61722798  0.62694301  0.62240933  0.61658031  0.61010363  0.63277202
  0.63341969  0.62823834  0.62176166  0.62759067]
Mean 0.631800518135 Standard Deviation 0.00904535635765
LRBF 0.25 0.00390625 [ 0.62305699  0.63989637  0.63082902  0.62240933  0.61528497  0.63795337
  0.64572539  0.63277202  0.62953368  0.64054404]
Mean 0.640997409326 Standard Deviation 0.0110561756426
LRBF 0.25 0.0078125 [ 0.63212435  0.65220207  0.64378238  0.63212435  0.61658031  0.65414508
  0.65090674  0.63665803  0.64507772  0.64637306]
Mean 0.646373056995 Standard Deviation 0.0108993181181
LRBF 0.25 0.015625 [ 0.63860104  0.65025907  0.65673575  0.63277202  0.62435233  0.65932642
  0.65479275  0.6496114   0.65479275  0.64248705]
Mean 0.648056994819 Standard Deviation 0.010167362411
LRBF 0.25 0.03125 [ 0.64119171  0.65608808  0.65284974  0.63795337  0.62759067  0.66256477
  0.65349741  0.65220207  0.65608808  0.64054404]
Mean 0.647797927461 Standard Deviation 0.0111119966328
LRBF 0.25 0.0625 [ 0.64637306  0.65414508  0.63989637  0.63471503  0.63406736  0.66904145
  0.65867876  0.6496114   0.65544041  0.63601036]
Mean 0.6375 Standard Deviation 0.00755887564275
LRBF 0.25 0.125 [ 0.63471503  0.64183938  0.63082902  0.62564767  0.62953368  0.64896373
  0.64443005  0.64054404  0.64637306  0.63212435]
Mean 0.612240932642 Standard Deviation 0.0134648062771
LRBF 0.25 0.25 [ 0.6126943   0.62564767  0.61139896  0.58290155  0.60751295  0.62759067
  0.63277202  0.6107513   0.60492228  0.60621762]
Mean 0.564054404145 Standard Deviation 0.00906481274431
LRBF 0.25 0.5 [ 0.56411917  0.57966321  0.55893782  0.55829016  0.55440415  0.57642487
  0.57253886  0.55310881  0.55569948  0.56735751]
Mean 0.52396373057 Standard Deviation 0.0056014891996
LRBF 0.25 1.0 [ 0.51878238  0.53108808  0.51813472  0.52202073  0.53108808  0.51813472
  0.52849741  0.52331606  0.51748705  0.53108808]
Mean 0.504857512953 Standard Deviation 0.00278196005115
LRBF 0.25 2.0 [ 0.50259067  0.50971503  0.50712435  0.50323834  0.50582902  0.50064767
  0.50518135  0.50388601  0.50194301  0.50841969]
Mean 0.623056994819 Standard Deviation 0.00663030253475
LRBF 0.5 0.0009765625 [ 0.62046632  0.62694301  0.61852332  0.61528497  0.61010363  0.62953368
  0.63147668  0.62888601  0.62176166  0.62759067]
Mean 0.631735751295 Standard Deviation 0.00697680466813
LRBF 0.5 0.001953125 [ 0.62629534  0.63860104  0.63018135  0.62564767  0.61722798  0.63795337
  0.63989637  0.63341969  0.62953368  0.63860104]
Mean 0.637370466321 Standard Deviation 0.00956029632135
LRBF 0.5 0.00390625 [ 0.62823834  0.64831606  0.6373057   0.62953368  0.61981865  0.64766839
  0.65025907  0.63212435  0.63665803  0.64378238]
Mean 0.645660621762 Standard Deviation 0.0103564181124
LRBF 0.5 0.0078125 [ 0.6392487   0.65025907  0.65284974  0.63341969  0.625       0.65738342
  0.65932642  0.64054404  0.65090674  0.64766839]
Mean 0.648639896373 Standard Deviation 0.0106865284974
LRBF 0.5 0.015625 [ 0.64572539  0.65479275  0.66126943  0.63860104  0.625       0.65932642
  0.65414508  0.65479275  0.65284974  0.63989637]
Mean 0.651554404145 Standard Deviation 0.00923239879855
LRBF 0.5 0.03125 [ 0.64831606  0.66062176  0.65220207  0.63860104  0.6373057   0.66645078
  0.65414508  0.65414508  0.66062176  0.64313472]
Mean 0.653303108808 Standard Deviation 0.0102448365868
LRBF 0.5 0.0625 [ 0.64702073  0.66709845  0.63989637  0.64248705  0.64443005  0.66709845
  0.66321244  0.65932642  0.65867876  0.64378238]
Mean 0.64579015544 Standard Deviation 0.00705007202308
LRBF 0.5 0.125 [ 0.64183938  0.64766839  0.6373057   0.64378238  0.63406736  0.65608808
  0.65608808  0.64637306  0.65220207  0.64248705]
Mean 0.625518134715 Standard Deviation 0.011202229512
LRBF 0.5 0.25 [ 0.61917098  0.64183938  0.63018135  0.59909326  0.61658031  0.63536269
  0.63147668  0.62759067  0.62888601  0.625     ]
Mean 0.586398963731 Standard Deviation 0.0110453573714
LRBF 0.5 0.5 [ 0.5880829   0.60556995  0.58031088  0.56800518  0.57059585  0.59520725
  0.59520725  0.58095855  0.58743523  0.59261658]
Mean 0.537759067358 Standard Deviation 0.00732209098938
LRBF 0.5 1.0 [ 0.53044041  0.5492228   0.5246114   0.53173575  0.53562176  0.54209845
  0.54598446  0.53626943  0.5369171   0.54468912]
Mean 0.511852331606 Standard Deviation 0.00438361949715
LRBF 0.5 2.0 [ 0.50518135  0.5142487   0.5123057   0.51489637  0.5142487   0.50453368
  0.51748705  0.5123057   0.50712435  0.51619171]
Mean 0.630764248705 Standard Deviation 0.00665209358042
LRBF 1.0 0.0009765625 [ 0.62629534  0.63665803  0.62888601  0.62370466  0.61787565  0.63795337
  0.6392487   0.63341969  0.62759067  0.63601036]
Mean 0.635816062176 Standard Deviation 0.00893711981909
LRBF 1.0 0.001953125 [ 0.62823834  0.64248705  0.63601036  0.62629534  0.61917098  0.64313472
  0.65090674  0.63536269  0.63406736  0.64248705]
Mean 0.643264248705 Standard Deviation 0.00915391696583
LRBF 1.0 0.00390625 [ 0.63536269  0.65090674  0.64637306  0.63601036  0.62305699  0.65284974
  0.65479275  0.64183938  0.64378238  0.64766839]
Mean 0.647733160622 Standard Deviation 0.00907868463481
LRBF 1.0 0.0078125 [ 0.64637306  0.6515544   0.65803109  0.6392487   0.62888601  0.65932642
  0.65608808  0.64183938  0.65220207  0.64378238]
Mean 0.651230569948 Standard Deviation 0.00958571103237
LRBF 1.0 0.015625 [ 0.64766839  0.65284974  0.65544041  0.64378238  0.63277202  0.67033679
  0.65479275  0.65220207  0.65867876  0.64378238]
Mean 0.656411917098 Standard Deviation 0.00789650947416
LRBF 1.0 0.03125 [ 0.65738342  0.65608808  0.65220207  0.6496114   0.64183938  0.66904145
  0.6638601   0.66256477  0.66256477  0.64896373]
Mean 0.657059585492 Standard Deviation 0.00625427717481
LRBF 1.0 0.0625 [ 0.65738342  0.66774611  0.65414508  0.65090674  0.64766839  0.6638601
  0.65608808  0.6638601   0.65867876  0.65025907]
Mean 0.650906735751 Standard Deviation 0.00354742589058
LRBF 1.0 0.125 [ 0.65025907  0.65414508  0.65090674  0.64831606  0.64572539  0.65673575
  0.65090674  0.65544041  0.65090674  0.64572539]
Mean 0.638082901554 Standard Deviation 0.00806756716011
LRBF 1.0 0.25 [ 0.63860104  0.64831606  0.63212435  0.62370466  0.63536269  0.6515544
  0.64507772  0.63665803  0.6392487   0.63018135]
Mean 0.608549222798 Standard Deviation 0.0101384414142
LRBF 1.0 0.5 [ 0.60233161  0.62629534  0.61010363  0.5880829   0.60427461  0.62111399
  0.61463731  0.60751295  0.60880829  0.60233161]
Mean 0.577655440415 Standard Deviation 0.00879232208515
LRBF 1.0 1.0 [ 0.5757772   0.59002591  0.58031088  0.56865285  0.55958549  0.58160622
  0.58031088  0.57772021  0.57253886  0.59002591]
Mean 0.543005181347 Standard Deviation 0.00694667755326
LRBF 1.0 2.0 [ 0.52914508  0.55829016  0.53950777  0.54080311  0.54209845  0.54209845
  0.54598446  0.54792746  0.54339378  0.54080311]
Mean 0.635751295337 Standard Deviation 0.00755415715639
LRBF 2.0 0.0009765625 [ 0.63082902  0.64183938  0.63536269  0.62694301  0.62046632  0.64183938
  0.64378238  0.6392487   0.63277202  0.64443005]
Mean 0.640867875648 Standard Deviation 0.010005376216
LRBF 2.0 0.001953125 [ 0.63277202  0.6496114   0.64507772  0.63406736  0.61787565  0.64766839
  0.65414508  0.64313472  0.63795337  0.64637306]
Mean 0.647085492228 Standard Deviation 0.00846663872985
LRBF 2.0 0.00390625 [ 0.64248705  0.65025907  0.65932642  0.63601036  0.63018135  0.65479275
  0.65479275  0.64572539  0.6496114   0.64766839]
Mean 0.649352331606 Standard Deviation 0.00923330745451
LRBF 2.0 0.0078125 [ 0.64572539  0.65349741  0.66126943  0.63860104  0.63471503  0.66256477
  0.65673575  0.6515544   0.65025907  0.63860104]
Mean 0.655310880829 Standard Deviation 0.0095793636759
LRBF 2.0 0.015625 [ 0.65414508  0.65932642  0.65479275  0.64313472  0.6373057   0.66904145
  0.66709845  0.6619171   0.65803109  0.64831606]
Mean 0.65829015544 Standard Deviation 0.00736863349913
LRBF 2.0 0.03125 [ 0.65932642  0.66256477  0.64896373  0.65349741  0.6496114   0.66645078
  0.67033679  0.66256477  0.66126943  0.64831606]
Mean 0.651683937824 Standard Deviation 0.00558498993195
LRBF 2.0 0.0625 [ 0.65479275  0.6638601   0.6496114   0.6496114   0.64313472  0.65349741
  0.65025907  0.65544041  0.64443005  0.65220207]
Mean 0.64792746114 Standard Deviation 0.00675689189417
LRBF 2.0 0.125 [ 0.64831606  0.6515544   0.6392487   0.64507772  0.63471503  0.65608808
  0.64443005  0.65479275  0.6496114   0.65544041]
Mean 0.63024611399 Standard Deviation 0.00710341955382
LRBF 2.0 0.25 [ 0.63212435  0.64313472  0.625       0.62240933  0.62240933  0.63665803
  0.63860104  0.63277202  0.62629534  0.62305699]
Mean 0.603756476684 Standard Deviation 0.00939364806182
LRBF 2.0 0.5 [ 0.59002591  0.61528497  0.6003886   0.59520725  0.59455959  0.61787565
  0.6107513   0.6126943   0.60492228  0.59585492]
Mean 0.574158031088 Standard Deviation 0.0068496865518
LRBF 2.0 1.0 [ 0.56217617  0.58484456  0.57124352  0.56670984  0.57124352  0.57512953
  0.57512953  0.57836788  0.57189119  0.58484456]
Mean 0.54274611399 Standard Deviation 0.00631269063783
LRBF 2.0 2.0 [ 0.52914508  0.55569948  0.54209845  0.54404145  0.54274611  0.5388601
  0.54598446  0.54468912  0.53950777  0.54468912]
Mean 0.638860103627 Standard Deviation 0.00883396896976
LRBF 4.0 0.0009765625 [ 0.63018135  0.64702073  0.64119171  0.63341969  0.61981865  0.64637306
  0.65090674  0.64054404  0.63536269  0.64378238]
Mean 0.644948186528 Standard Deviation 0.00734925282513
LRBF 4.0 0.001953125 [ 0.6392487   0.6496114   0.6515544   0.63860104  0.62823834  0.65220207
  0.65284974  0.64637306  0.64378238  0.64702073]
Mean 0.649222797927 Standard Deviation 0.00799129368663
LRBF 4.0 0.00390625 [ 0.64507772  0.6515544   0.66256477  0.64119171  0.63341969  0.65803109
  0.65479275  0.64896373  0.65090674  0.64572539]
Mean 0.653238341969 Standard Deviation 0.00894251585186
LRBF 4.0 0.0078125 [ 0.6496114   0.65284974  0.65867876  0.64313472  0.63665803  0.66709845
  0.66062176  0.66126943  0.65673575  0.64572539]
Mean 0.657707253886 Standard Deviation 0.00836094493134
LRBF 4.0 0.015625 [ 0.65738342  0.65608808  0.65608808  0.64702073  0.64183938  0.67033679
  0.66515544  0.66645078  0.66256477  0.65414508]
Mean 0.655764248705 Standard Deviation 0.00531916767861
LRBF 4.0 0.03125 [ 0.65284974  0.66580311  0.6496114   0.65090674  0.65349741  0.65803109
  0.66062176  0.65803109  0.65997409  0.64831606]
Mean 0.646761658031 Standard Deviation 0.00459981370585
LRBF 4.0 0.0625 [ 0.65025907  0.64896373  0.64313472  0.64507772  0.63795337  0.6515544
  0.64637306  0.65090674  0.64119171  0.65220207]
Mean 0.636658031088 Standard Deviation 0.00810491720775
LRBF 4.0 0.125 [ 0.63989637  0.64248705  0.63471503  0.62435233  0.62111399  0.64702073
  0.63536269  0.64119171  0.63471503  0.64572539]
Mean 0.620531088083 Standard Deviation 0.00646663728552
LRBF 4.0 0.25 [ 0.61917098  0.62953368  0.60945596  0.61528497  0.61139896  0.62823834
  0.62435233  0.62564767  0.62176166  0.62046632]
Mean 0.598186528497 Standard Deviation 0.00834060105285
LRBF 4.0 0.5 [ 0.57966321  0.60621762  0.60297927  0.58937824  0.59067358  0.60492228
  0.60492228  0.60233161  0.60297927  0.59779793]
Mean 0.569559585492 Standard Deviation 0.00802272671876
LRBF 4.0 1.0 [ 0.55764249  0.58419689  0.56865285  0.56217617  0.5634715   0.56800518
  0.57253886  0.56865285  0.56735751  0.58290155]
Mean 0.541191709845 Standard Deviation 0.00571418264252
LRBF 4.0 2.0 [ 0.52914508  0.55246114  0.54145078  0.54339378  0.54080311  0.54080311
  0.54533679  0.54209845  0.53562176  0.54080311]
Best RBF:  (0.65829015544041458, 2.0, 0.0625)
Using Logistic Regression
Mean 0.642227979275 Standard Deviation 0.00788029076386
LRC 0.0078125 l1 [ 0.63277202  0.65220207  0.63989637  0.6373057   0.62694301  0.65025907
  0.65025907  0.64637306  0.63989637  0.64637306]
Mean 0.649740932642 Standard Deviation 0.00642335557939
LRC 0.0078125 l2 [ 0.64831606  0.65090674  0.65479275  0.63795337  0.6392487   0.65997409
  0.65414508  0.65284974  0.65025907  0.64896373]
Mean 0.647733160622 Standard Deviation 0.00544542392121
LRC 0.015625 l1 [ 0.64507772  0.64831606  0.64119171  0.64248705  0.64183938  0.65673575
  0.65673575  0.6515544   0.64507772  0.64831606]
Mean 0.650453367876 Standard Deviation 0.00616510913933
LRC 0.015625 l2 [ 0.65025907  0.6515544   0.65673575  0.63795337  0.64183938  0.65803109
  0.65544041  0.65414508  0.6515544   0.64702073]
Mean 0.648769430052 Standard Deviation 0.00574967593782
LRC 0.03125 l1 [ 0.64183938  0.65284974  0.64896373  0.64183938  0.6392487   0.65867876
  0.65090674  0.65284974  0.6515544   0.64896373]
Mean 0.651230569948 Standard Deviation 0.00566293333246
LRC 0.03125 l2 [ 0.65220207  0.65220207  0.65803109  0.63989637  0.64313472  0.65673575
  0.65479275  0.65479275  0.65349741  0.64702073]
Mean 0.650777202073 Standard Deviation 0.00655266314505
LRC 0.0625 l1 [ 0.64378238  0.65544041  0.65284974  0.63989637  0.64119171  0.65997409
  0.65414508  0.65738342  0.65025907  0.65284974]
Mean 0.651230569948 Standard Deviation 0.005923599348
LRC 0.0625 l2 [ 0.65220207  0.65284974  0.65673575  0.64054404  0.64054404  0.65608808
  0.65738342  0.65544041  0.65220207  0.64831606]
Mean 0.65103626943 Standard Deviation 0.0062378233823
LRC 0.125 l1 [ 0.64831606  0.65479275  0.65608808  0.63795337  0.64183938  0.65673575
  0.65673575  0.65544041  0.65220207  0.65025907]
Mean 0.651489637306 Standard Deviation 0.00664578468903
LRC 0.125 l2 [ 0.65220207  0.65349741  0.65867876  0.63860104  0.63989637  0.65673575
  0.65738342  0.65608808  0.6515544   0.65025907]
Mean 0.651748704663 Standard Deviation 0.00650286160491
LRC 0.25 l1 [ 0.65090674  0.65349741  0.65803109  0.6373057   0.64313472  0.65932642
  0.65544041  0.65673575  0.65220207  0.65090674]
Mean 0.651230569948 Standard Deviation 0.00671985220038
LRC 0.25 l2 [ 0.65025907  0.65349741  0.65803109  0.63860104  0.63989637  0.65738342
  0.65738342  0.65673575  0.6515544   0.64896373]
Mean 0.651683937824 Standard Deviation 0.00685917217351
LRC 0.5 l1 [ 0.65090674  0.65414508  0.65803109  0.63665803  0.64183938  0.65803109
  0.65803109  0.65608808  0.65220207  0.65090674]
Mean 0.651360103627 Standard Deviation 0.00684233381342
LRC 0.5 l2 [ 0.65025907  0.65349741  0.65867876  0.63860104  0.63989637  0.65738342
  0.65738342  0.65738342  0.6515544   0.64896373]
Mean 0.651230569948 Standard Deviation 0.0066001826544
LRC 1.0 l1 [ 0.6515544   0.65414508  0.65673575  0.6373057   0.64119171  0.65738342
  0.65738342  0.65608808  0.65090674  0.6496114 ]
Mean 0.651101036269 Standard Deviation 0.00645105030947
LRC 1.0 l2 [ 0.65025907  0.65220207  0.65803109  0.63860104  0.64054404  0.65738342
  0.65608808  0.65673575  0.6515544   0.6496114 ]
Mean 0.651230569948 Standard Deviation 0.00671360698323
LRC 2.0 l1 [ 0.6496114   0.65349741  0.65803109  0.63795337  0.64119171  0.65803109
  0.65738342  0.65673575  0.65090674  0.64896373]
Mean 0.651230569948 Standard Deviation 0.00629439053423
LRC 2.0 l2 [ 0.65025907  0.65220207  0.65867876  0.6392487   0.64119171  0.65738342
  0.65608808  0.65673575  0.65090674  0.6496114 ]
Mean 0.651230569948 Standard Deviation 0.0064523506623
LRC 4.0 l1 [ 0.65025907  0.65349741  0.65738342  0.63860104  0.64119171  0.65803109
  0.65673575  0.65673575  0.65090674  0.64896373]
Mean 0.651165803109 Standard Deviation 0.00624051267899
LRC 4.0 l2 [ 0.65025907  0.65220207  0.65867876  0.6392487   0.64119171  0.65738342
  0.65608808  0.65608808  0.65090674  0.6496114 ]
Mean 0.651230569948 Standard Deviation 0.00638043772033
LRC 8.0 l1 [ 0.65025907  0.65349741  0.65803109  0.63860104  0.64119171  0.65738342
  0.65608808  0.65673575  0.65090674  0.6496114 ]
Mean 0.651165803109 Standard Deviation 0.00624051267899
LRC 8.0 l2 [ 0.65025907  0.65220207  0.65867876  0.6392487   0.64119171  0.65738342
  0.65608808  0.65608808  0.65090674  0.6496114 ]
Mean 0.651165803109 Standard Deviation 0.00622031461323
LRC 16.0 l1 [ 0.65025907  0.65220207  0.65803109  0.6392487   0.64119171  0.65738342
  0.65608808  0.65673575  0.65090674  0.6496114 ]
Mean 0.651165803109 Standard Deviation 0.00624051267899
LRC 16.0 l2 [ 0.65025907  0.65220207  0.65867876  0.6392487   0.64119171  0.65738342
  0.65608808  0.65608808  0.65090674  0.6496114 ]
Mean 0.651230569948 Standard Deviation 0.00629439053423
LRC 32.0 l1 [ 0.65025907  0.65220207  0.65867876  0.6392487   0.64119171  0.65738342
  0.65608808  0.65673575  0.65090674  0.6496114 ]
Mean 0.651165803109 Standard Deviation 0.00624051267899
LRC 32.0 l2 [ 0.65025907  0.65220207  0.65867876  0.6392487   0.64119171  0.65738342
  0.65608808  0.65608808  0.65090674  0.6496114 ]
Mean 0.651230569948 Standard Deviation 0.00629439053423
LRC 64.0 l1 [ 0.65025907  0.65220207  0.65867876  0.6392487   0.64119171  0.65738342
  0.65608808  0.65673575  0.65090674  0.6496114 ]
Mean 0.651165803109 Standard Deviation 0.00624051267899
LRC 64.0 l2 [ 0.65025907  0.65220207  0.65867876  0.6392487   0.64119171  0.65738342
  0.65608808  0.65608808  0.65090674  0.6496114 ]
Best LR :  (0.65148963730569942, 0.25, 'l2')
Number of samples, Number of features:  (18896, 32)
Number of samples, Number of features:  (18896, 32)
K: 7
Using SVM with linear kernel
Mean 0.623729416477 Standard Deviation 0.00997760540228
LSVM 0.0078125 [ 0.64550265  0.62328042  0.61693122  0.62010582  0.62275132  0.62275132
  0.63684489  0.60984648  0.62519852  0.61408152]
Mean 0.624787673554 Standard Deviation 0.0102497429523
LSVM 0.015625 [ 0.64656085  0.62539683  0.61693122  0.62275132  0.62645503  0.62275132
  0.63737427  0.611964    0.62625728  0.61143462]
Mean 0.624946431723 Standard Deviation 0.0105808342524
LSVM 0.03125 [ 0.64708995  0.62645503  0.61587302  0.62328042  0.62645503  0.62275132
  0.63843303  0.61249338  0.6257279   0.61090524]
Mean 0.625581492405 Standard Deviation 0.0110218081292
LSVM 0.0625 [ 0.64920635  0.62698413  0.61640212  0.62433862  0.62698413  0.62169312
  0.63949179  0.61302276  0.62625728  0.61143462]
Mean 0.625793160626 Standard Deviation 0.0107451111469
LSVM 0.125 [ 0.64867725  0.62645503  0.61798942  0.62433862  0.62698413  0.62275132
  0.63949179  0.61249338  0.62678666  0.611964  ]
Mean 0.626004912876 Standard Deviation 0.0106026500963
LSVM 0.25 [ 0.64814815  0.62698413  0.61798942  0.62539683  0.62698413  0.62169312
  0.64055056  0.61302276  0.62625728  0.61302276]
Mean 0.62589909277 Standard Deviation 0.010467245137
LSVM 0.5 [ 0.64814815  0.62645503  0.61798942  0.62486772  0.62698413  0.62169312
  0.64002118  0.61355214  0.62625728  0.61302276]
Mean 0.625846182718 Standard Deviation 0.0103580890178
LSVM 1.0 [ 0.64761905  0.62592593  0.61746032  0.62486772  0.62698413  0.62275132
  0.64002118  0.61302276  0.62625728  0.61355214]
Mean 0.625793272665 Standard Deviation 0.0104020477077
LSVM 2.0 [ 0.64761905  0.62592593  0.61693122  0.62486772  0.62698413  0.62275132
  0.64002118  0.61302276  0.62625728  0.61355214]
Mean 0.625793272665 Standard Deviation 0.010469184101
LSVM 4.0 [ 0.64761905  0.62592593  0.61693122  0.62486772  0.62698413  0.62275132
  0.64002118  0.61302276  0.62678666  0.61302276]
Mean 0.62589912078 Standard Deviation 0.0102962898593
LSVM 8.0 [ 0.64761905  0.62592593  0.61746032  0.62486772  0.62698413  0.62275132
  0.64002118  0.61302276  0.62625728  0.61408152]
Mean 0.625846210727 Standard Deviation 0.0102919368759
LSVM 16.0 [ 0.64761905  0.62592593  0.61798942  0.62486772  0.62698413  0.62169312
  0.64002118  0.61302276  0.62625728  0.61408152]
Mean 0.625793272665 Standard Deviation 0.0104931519873
LSVM 32.0 [ 0.64814815  0.62592593  0.61746032  0.62433862  0.62698413  0.62222222
  0.64002118  0.61302276  0.62625728  0.61355214]
Mean 0.625793328684 Standard Deviation 0.0104108056204
LSVM 64.0 [ 0.64761905  0.62592593  0.61746032  0.62433862  0.62698413  0.62169312
  0.64002118  0.61302276  0.62731604  0.61355214]
Best LSVM:  (0.62600491287627347, 0.25)
Using SVM with RBF kernel
Mean 0.521216903207 Standard Deviation 0.0185479309248
LRBF 0.0078125 0.0009765625 [ 0.55238095  0.52962963  0.53650794  0.53280423  0.52698413  0.53439153
  0.49973531  0.49973531  0.49973531  0.50026469]
Mean 0.545831533719 Standard Deviation 0.0188968557763
LRBF 0.0078125 0.001953125 [ 0.56137566  0.53492063  0.54126984  0.53280423  0.53280423  0.53915344
  0.58602435  0.57120169  0.52779248  0.53096877]
Mean 0.592347284894 Standard Deviation 0.00811360962941
LRBF 0.0078125 0.00390625 [ 0.6037037   0.5978836   0.58148148  0.58465608  0.5989418   0.59312169
  0.60137639  0.58073055  0.59608258  0.58549497]
Mean 0.60616016985 Standard Deviation 0.0120970294447
LRBF 0.0078125 0.0078125 [ 0.61164021  0.60634921  0.59417989  0.6015873   0.62010582  0.6005291
  0.62731604  0.58973002  0.61778719  0.59237692]
Mean 0.611981424062 Standard Deviation 0.0136253601958
LRBF 0.0078125 0.015625 [ 0.61640212  0.61269841  0.6015873   0.60529101  0.62380952  0.61111111
  0.63366861  0.58231869  0.62519852  0.60772896]
Mean 0.611875828033 Standard Deviation 0.0172135500024
LRBF 0.0078125 0.03125 [ 0.61693122  0.60582011  0.61216931  0.6026455   0.61481481  0.61322751
  0.64055056  0.57596612  0.63578613  0.60084701]
Mean 0.596845815792 Standard Deviation 0.0160100569621
LRBF 0.0078125 0.0625 [ 0.5984127   0.59153439  0.59365079  0.59100529  0.61111111  0.5968254
  0.62890418  0.56590789  0.60772896  0.58337745]
Mean 0.560912187238 Standard Deviation 0.0128808797114
LRBF 0.0078125 0.125 [ 0.55925926  0.55291005  0.54444444  0.56402116  0.57671958  0.57142857
  0.58020116  0.53890948  0.56749603  0.55373213]
Mean 0.526777892617 Standard Deviation 0.00941452569188
LRBF 0.0078125 0.25 [ 0.53386243  0.53015873  0.51269841  0.52698413  0.53386243  0.52804233
  0.51614611  0.51138168  0.53626257  0.5383801 ]
Mean 0.513597827579 Standard Deviation 0.0125912091624
LRBF 0.0078125 0.5 [ 0.52962963  0.52698413  0.50952381  0.52380952  0.51798942  0.52910053
  0.49973531  0.49973531  0.49973531  0.49973531]
Mean 0.505449679431 Standard Deviation 0.00645659376716
LRBF 0.0078125 1.0 [ 0.52010582  0.50634921  0.5021164   0.50793651  0.50634921  0.51269841
  0.49973531  0.49973531  0.49973531  0.49973531]
Mean 0.503015816997 Standard Deviation 0.00434736868451
LRBF 0.0078125 2.0 [ 0.51375661  0.5015873   0.5         0.50582011  0.5037037   0.50634921
  0.49973531  0.49973531  0.49973531  0.49973531]
Mean 0.540962072259 Standard Deviation 0.00968990495222
LRBF 0.015625 0.0009765625 [ 0.55449735  0.53492063  0.54179894  0.53280423  0.52698413  0.53544974
  0.55690842  0.55267337  0.53679195  0.53679195]
Mean 0.592823615418 Standard Deviation 0.00880766362407
LRBF 0.015625 0.001953125 [ 0.60634921  0.5968254   0.58412698  0.58253968  0.5962963   0.5957672
  0.60402329  0.57861302  0.59661196  0.58708311]
Mean 0.605471863 Standard Deviation 0.00977320480491
LRBF 0.015625 0.00390625 [ 0.61851852  0.60846561  0.59259259  0.60529101  0.60634921  0.60529101
  0.623081    0.58867125  0.60508205  0.60137639]
Mean 0.6091239731 Standard Deviation 0.0113997024298
LRBF 0.015625 0.0078125 [ 0.62169312  0.61058201  0.5994709   0.60740741  0.6031746   0.60582011
  0.62943356  0.58814187  0.62043409  0.60508205]
Mean 0.615844950297 Standard Deviation 0.0132400948045
LRBF 0.015625 0.015625 [ 0.63597884  0.61005291  0.60529101  0.61375661  0.61534392  0.60846561
  0.63366861  0.5902594   0.62890418  0.61672843]
Mean 0.621612874313 Standard Deviation 0.0169649436699
LRBF 0.015625 0.03125 [ 0.64074074  0.61269841  0.61693122  0.61957672  0.62857143  0.61428571
  0.65007941  0.58655373  0.63472737  0.611964  ]
Mean 0.606529811972 Standard Deviation 0.0169336359244
LRBF 0.015625 0.0625 [ 0.61534392  0.6047619   0.6021164   0.6021164   0.61587302  0.61164021
  0.63419799  0.56855479  0.61990471  0.59078878]
Mean 0.582981169175 Standard Deviation 0.0149661270674
LRBF 0.015625 0.125 [ 0.58677249  0.56507937  0.57460317  0.58095238  0.59206349  0.58624339
  0.61619905  0.55902594  0.58973002  0.5791424 ]
Mean 0.540325302993 Standard Deviation 0.0108391748294
LRBF 0.015625 0.25 [ 0.54814815  0.54179894  0.52804233  0.53809524  0.55978836  0.53915344
  0.55161461  0.51932239  0.53943886  0.53785071]
Mean 0.521167970512 Standard Deviation 0.0102541226053
LRBF 0.015625 0.5 [ 0.52962963  0.52698413  0.50952381  0.52380952  0.51798942  0.52910053
  0.51561673  0.49867655  0.52620434  0.53414505]
Mean 0.505449679431 Standard Deviation 0.00645659376716
LRBF 0.015625 1.0 [ 0.52010582  0.50634921  0.5021164   0.50793651  0.50634921  0.51269841
  0.49973531  0.49973531  0.49973531  0.49973531]
Mean 0.503015816997 Standard Deviation 0.00434736868451
LRBF 0.015625 2.0 [ 0.51375661  0.5015873   0.5         0.50582011  0.5037037   0.50634921
  0.49973531  0.49973531  0.49973531  0.49973531]
Mean 0.593670092235 Standard Deviation 0.00893805032114
LRBF 0.03125 0.0009765625 [ 0.61111111  0.5978836   0.58624339  0.58465608  0.5957672   0.5962963
  0.60349391  0.58020116  0.59449444  0.58655373]
Mean 0.60298461435 Standard Deviation 0.0087122056193
LRBF 0.03125 0.001953125 [ 0.61481481  0.6037037   0.5952381   0.5984127   0.6026455   0.60582011
  0.61725781  0.58496559  0.60402329  0.60296453]
Mean 0.606371726033 Standard Deviation 0.00985775081997
LRBF 0.03125 0.00390625 [ 0.62169312  0.61111111  0.6021164   0.6021164   0.5962963   0.6047619
  0.62255161  0.58920064  0.60984648  0.60402329]
Mean 0.613039989244 Standard Deviation 0.0100052991761
LRBF 0.03125 0.0078125 [ 0.62962963  0.61587302  0.6026455   0.60634921  0.60634921  0.61375661
  0.6283748   0.59661196  0.61672843  0.61408152]
Mean 0.62282977752 Standard Deviation 0.0104416665995
LRBF 0.03125 0.015625 [ 0.63915344  0.61851852  0.61481481  0.62222222  0.62804233  0.62275132
  0.63472737  0.59925887  0.62678666  0.62202223]
Mean 0.630609824072 Standard Deviation 0.0153696275424
LRBF 0.03125 0.03125 [ 0.64497354  0.62275132  0.61746032  0.62910053  0.63756614  0.62857143
  0.65325569  0.59714134  0.64584436  0.62943356]
Mean 0.623042117971 Standard Deviation 0.0141431525407
LRBF 0.03125 0.0625 [ 0.62804233  0.61693122  0.61587302  0.62010582  0.62857143  0.62486772
  0.64849127  0.59396506  0.63949179  0.61408152]
Mean 0.598909980085 Standard Deviation 0.0157759196646
LRBF 0.03125 0.125 [ 0.6         0.58677249  0.59312169  0.6026455   0.60952381  0.5984127
  0.62943356  0.56643727  0.61090524  0.59184754]
Mean 0.55831805412 Standard Deviation 0.0125070465162
LRBF 0.03125 0.25 [ 0.56137566  0.55925926  0.54973545  0.55925926  0.58465608  0.55767196
  0.57173107  0.53785071  0.55690842  0.54473266]
Mean 0.525560289171 Standard Deviation 0.00767804750559
LRBF 0.03125 0.5 [ 0.53650794  0.53227513  0.51375661  0.52539683  0.52804233  0.53015873
  0.52991001  0.51032292  0.52302806  0.52620434]
Mean 0.507884830304 Standard Deviation 0.00596783296668
LRBF 0.03125 1.0 [ 0.52010582  0.50634921  0.5021164   0.50793651  0.50634921  0.51269841
  0.50926416  0.49655903  0.50608788  0.51138168]
