Number of samples, Number of features:  (100000, 26)
Number of samples, Number of features:  (100000, 26)
K: 1
Using SVM with linear kernel
Mean 0.59801 Standard Deviation 0.00575577101699
LSVM 0.0078125 [ 0.595   0.5914  0.5954  0.5917  0.6015  0.6089  0.5968  0.5952  0.6075
  0.5967]
Mean 0.598 Standard Deviation 0.00580310261843
LSVM 0.015625 [ 0.5949  0.5916  0.5954  0.5916  0.6016  0.609   0.5967  0.5951  0.6076
  0.5965]
Mean 0.59802 Standard Deviation 0.0057553105911
LSVM 0.03125 [ 0.595   0.5916  0.5955  0.5918  0.6016  0.6089  0.5967  0.5951  0.6076
  0.5964]
Mean 0.59802 Standard Deviation 0.00577265969896
LSVM 0.0625 [ 0.595   0.5915  0.5956  0.5917  0.6016  0.609   0.5966  0.5951  0.6075
  0.5966]
Mean 0.59807 Standard Deviation 0.00574283031266
LSVM 0.125 [ 0.5951  0.5916  0.5957  0.5917  0.6016  0.609   0.5968  0.5953  0.6075
  0.5964]
Mean 0.59807 Standard Deviation 0.00574387499864
LSVM 0.25 [ 0.5951  0.5916  0.5956  0.5917  0.6016  0.6089  0.5967  0.5952  0.6076
  0.5967]
Mean 0.59806 Standard Deviation 0.00570774911852
LSVM 0.5 [ 0.5951  0.5916  0.5956  0.5918  0.6015  0.6089  0.5966  0.5953  0.6075
  0.5967]
Mean 0.59807 Standard Deviation 0.00571385159065
LSVM 1.0 [ 0.5951  0.5916  0.5956  0.5918  0.6016  0.6089  0.5967  0.5953  0.6075
  0.5966]
Mean 0.59809 Standard Deviation 0.00570901918021
LSVM 2.0 [ 0.5951  0.5916  0.5956  0.5918  0.6016  0.6089  0.5968  0.5953  0.6075
  0.5967]
Mean 0.59809 Standard Deviation 0.00573104702476
LSVM 4.0 [ 0.5951  0.5916  0.5957  0.5918  0.6016  0.609   0.5967  0.5952  0.6075
  0.5967]
Mean 0.59807 Standard Deviation 0.00577755138445
LSVM 8.0 [ 0.5951  0.5915  0.5957  0.5917  0.6016  0.6091  0.5967  0.5951  0.6075
  0.5967]
Mean 0.59805 Standard Deviation 0.00583990582116
LSVM 16.0 [ 0.5949  0.5914  0.5955  0.5916  0.6017  0.6092  0.5969  0.5951  0.6075
  0.5967]
Mean 0.59814 Standard Deviation 0.00590528576785
LSVM 32.0 [ 0.5948  0.5916  0.5957  0.5915  0.6017  0.6094  0.5969  0.5952  0.6078
  0.5968]
Mean 0.59822 Standard Deviation 0.00583794484386
LSVM 64.0 [ 0.5949  0.5917  0.5959  0.5917  0.6015  0.6095  0.5971  0.5953  0.6077
  0.5969]
Best LSVM:  (0.59821999999999997, 64.0)
Using SVM with RBF kernel
Mean 0.57036 Standard Deviation 0.00483160428843
LRBF 0.0078125 0.0009765625 [ 0.5669  0.5635  0.568   0.5675  0.5706  0.5801  0.5683  0.5702  0.5782
  0.5703]
Mean 0.57931 Standard Deviation 0.0046975419104
LRBF 0.0078125 0.001953125 [ 0.5764  0.5726  0.5758  0.5763  0.5794  0.5868  0.5786  0.5805  0.5886
  0.5781]
Mean 0.5883 Standard Deviation 0.004333589736
LRBF 0.0078125 0.00390625 [ 0.5856  0.5829  0.5858  0.5866  0.5885  0.5964  0.5855  0.5881  0.5965
  0.5871]
Mean 0.59792 Standard Deviation 0.00508031495087
LRBF 0.0078125 0.0078125 [ 0.5948  0.5918  0.5953  0.5932  0.6014  0.6067  0.5967  0.5964  0.6071
  0.5958]
Mean 0.60644 Standard Deviation 0.00543271571132
LRBF 0.0078125 0.015625 [ 0.6044  0.5995  0.6038  0.6007  0.612   0.614   0.6063  0.6035  0.6164
  0.6038]
Mean 0.61732 Standard Deviation 0.00451216134463
LRBF 0.0078125 0.03125 [ 0.6152  0.6099  0.6163  0.6158  0.6199  0.6227  0.6174  0.6167  0.6265
  0.6128]
Mean 0.62176 Standard Deviation 0.0040162669234
LRBF 0.0078125 0.0625 [ 0.6229  0.6148  0.6203  0.622   0.624   0.6255  0.6176  0.6197  0.63
  0.6208]
Mean 0.62147 Standard Deviation 0.00396384913941
LRBF 0.0078125 0.125 [ 0.626   0.6167  0.6179  0.622   0.6258  0.6261  0.6173  0.6213  0.6254
  0.6162]
Mean 0.61638 Standard Deviation 0.00375201279316
LRBF 0.0078125 0.25 [ 0.6192  0.6133  0.6128  0.6197  0.6197  0.618   0.6101  0.6167  0.6219
  0.6124]
Mean 0.61103 Standard Deviation 0.00582787268221
LRBF 0.0078125 0.5 [ 0.6174  0.6062  0.6035  0.6163  0.6145  0.6182  0.6017  0.6097  0.6158
  0.607 ]
Mean 0.59982 Standard Deviation 0.00454704299518
LRBF 0.0078125 1.0 [ 0.6063  0.5964  0.5948  0.6054  0.6008  0.6033  0.5916  0.5978  0.6031
  0.5987]
Mean 0.58272 Standard Deviation 0.00374213842609
LRBF 0.0078125 2.0 [ 0.5866  0.5788  0.5804  0.5871  0.5837  0.5844  0.5773  0.5819  0.5885
  0.5785]
Mean 0.57899 Standard Deviation 0.00481797675378
LRBF 0.015625 0.0009765625 [ 0.576   0.5732  0.575   0.5752  0.5787  0.5871  0.5783  0.5805  0.5884
  0.5775]
Mean 0.58777 Standard Deviation 0.00472970400765
LRBF 0.015625 0.001953125 [ 0.5849  0.5824  0.5857  0.5856  0.5878  0.5964  0.5837  0.5876  0.597
  0.5866]
Mean 0.59685 Standard Deviation 0.00524237541578
LRBF 0.015625 0.00390625 [ 0.5934  0.5917  0.5931  0.5916  0.5998  0.6062  0.597   0.5945  0.6063
  0.5949]
Mean 0.60364 Standard Deviation 0.0057941694832
LRBF 0.015625 0.0078125 [ 0.6024  0.596   0.6018  0.5966  0.6085  0.6124  0.6028  0.601   0.614
  0.6009]
Mean 0.6154 Standard Deviation 0.00500339884479
LRBF 0.015625 0.015625 [ 0.6141  0.6071  0.6132  0.6119  0.618   0.6226  0.6165  0.6139  0.6248
  0.6119]
Mean 0.62428 Standard Deviation 0.00478639739261
LRBF 0.015625 0.03125 [ 0.6234  0.6137  0.6228  0.6229  0.6271  0.6301  0.6241  0.6233  0.6325
  0.6229]
Mean 0.63003 Standard Deviation 0.00526384840207
LRBF 0.015625 0.0625 [ 0.6307  0.6198  0.6281  0.6292  0.6355  0.6345  0.6252  0.6304  0.6394
  0.6275]
Mean 0.63148 Standard Deviation 0.00523446272315
LRBF 0.015625 0.125 [ 0.6336  0.6239  0.6295  0.6331  0.6375  0.6362  0.6238  0.6316  0.6393
  0.6263]
Mean 0.62932 Standard Deviation 0.00429017482161
LRBF 0.015625 0.25 [ 0.6337  0.627   0.6259  0.6298  0.635   0.631   0.6224  0.6267  0.636
  0.6257]
Mean 0.62182 Standard Deviation 0.00542638000881
LRBF 0.015625 0.5 [ 0.6297  0.6181  0.6182  0.6286  0.6228  0.6257  0.6109  0.6208  0.6251
  0.6183]
Mean 0.60929 Standard Deviation 0.00553578359404
LRBF 0.015625 1.0 [ 0.6164  0.6071  0.6024  0.6155  0.6119  0.6138  0.5986  0.6063  0.6129
  0.608 ]
Mean 0.59521 Standard Deviation 0.00393050887291
LRBF 0.015625 2.0 [ 0.6023  0.5938  0.5913  0.5978  0.5954  0.5975  0.588   0.5939  0.5992
  0.5929]
Mean 0.58747 Standard Deviation 0.00463056152103
LRBF 0.03125 0.0009765625 [ 0.5851  0.5823  0.5853  0.5845  0.5873  0.596   0.5841  0.5867  0.5966
  0.5868]
Mean 0.59538 Standard Deviation 0.00534374400584
LRBF 0.03125 0.001953125 [ 0.5928  0.5895  0.5928  0.5904  0.5987  0.6044  0.5946  0.5917  0.6055
  0.5934]
Mean 0.60103 Standard Deviation 0.00588405472442
LRBF 0.03125 0.00390625 [ 0.5996  0.5936  0.5993  0.5937  0.6048  0.6104  0.6008  0.5986  0.6117
  0.5978]
Mean 0.61086 Standard Deviation 0.00546446703714
LRBF 0.03125 0.0078125 [ 0.6088  0.602   0.6091  0.6065  0.6141  0.6194  0.6124  0.608   0.6204
  0.6079]
Mean 0.62161 Standard Deviation 0.00456299243918
LRBF 0.03125 0.015625 [ 0.6208  0.6122  0.6198  0.6192  0.6243  0.6289  0.6217  0.6209  0.6284
  0.6199]
Mean 0.62973 Standard Deviation 0.00573952088593
LRBF 0.03125 0.03125 [ 0.6304  0.6172  0.6268  0.6288  0.6353  0.6349  0.6296  0.6281  0.6394
  0.6268]
Mean 0.63598 Standard Deviation 0.00558959748104
LRBF 0.03125 0.0625 [ 0.6368  0.6249  0.6352  0.6354  0.6428  0.6408  0.6301  0.6366  0.6445
  0.6327]
Mean 0.63886 Standard Deviation 0.00520273005258
LRBF 0.03125 0.125 [ 0.6398  0.6325  0.6375  0.6374  0.6462  0.6431  0.6312  0.6384  0.6477
  0.6348]
Mean 0.63928 Standard Deviation 0.00497167979661
LRBF 0.03125 0.25 [ 0.6442  0.6337  0.639   0.6401  0.6464  0.6411  0.6307  0.637   0.6456
  0.635 ]
Mean 0.63284 Standard Deviation 0.00548966301334
LRBF 0.03125 0.5 [ 0.641   0.6305  0.6268  0.6378  0.6395  0.6308  0.6244  0.6298  0.6382
  0.6296]
Mean 0.62041 Standard Deviation 0.00593859410972
LRBF 0.03125 1.0 [ 0.6282  0.617   0.6125  0.6291  0.6234  0.6217  0.6103  0.6175  0.6249
  0.6195]
Mean 0.60619 Standard Deviation 0.00413725754577
LRBF 0.03125 2.0 [ 0.6136  0.6051  0.6002  0.6104  0.6063  0.6099  0.5997  0.6043  0.6072
  0.6052]
Mean 0.59448 Standard Deviation 0.00514719341001
LRBF 0.0625 0.0009765625 [ 0.5924  0.5887  0.592   0.5904  0.597   0.6037  0.5933  0.5916  0.6042
  0.5915]
Mean 0.59915 Standard Deviation 0.00592642387954
LRBF 0.0625 0.001953125 [ 0.5973  0.5922  0.5966  0.5926  0.6027  0.6082  0.5991  0.5961  0.6108
  0.5959]
Mean 0.60547 Standard Deviation 0.00581670869135
LRBF 0.0625 0.00390625 [ 0.6033  0.5973  0.6041  0.5992  0.61    0.6147  0.6037  0.6039  0.6158
  0.6027]
Mean 0.61768 Standard Deviation 0.00506730697708
LRBF 0.0625 0.0078125 [ 0.6166  0.6085  0.6151  0.6152  0.6212  0.6252  0.6183  0.6168  0.6262
  0.6137]
Mean 0.62713 Standard Deviation 0.00519827856122
LRBF 0.0625 0.015625 [ 0.6281  0.6148  0.6252  0.6261  0.6295  0.6327  0.6269  0.6266  0.6357
  0.6257]
Mean 0.63543 Standard Deviation 0.00577980103464
LRBF 0.0625 0.03125 [ 0.6358  0.6234  0.6343  0.6319  0.6422  0.6398  0.6316  0.6353  0.6452
  0.6348]
Mean 0.64048 Standard Deviation 0.00614390755139
LRBF 0.0625 0.0625 [ 0.642   0.6297  0.6417  0.6373  0.6503  0.6436  0.6339  0.6396  0.6497
  0.637 ]
Mean 0.64499 Standard Deviation 0.00528061549443
LRBF 0.0625 0.125 [ 0.6461  0.6385  0.645   0.6444  0.6532  0.6468  0.6369  0.6437  0.6541
  0.6412]
Mean 0.64615 Standard Deviation 0.00488123959666
LRBF 0.0625 0.25 [ 0.6508  0.6433  0.6456  0.6474  0.6523  0.6457  0.6372  0.6448  0.6537
  0.6407]
Mean 0.64259 Standard Deviation 0.00421365636947
LRBF 0.0625 0.5 [ 0.6469  0.6412  0.6413  0.645   0.648   0.6418  0.6352  0.6384  0.6487
  0.6394]
Mean 0.63292 Standard Deviation 0.0052738600664
LRBF 0.0625 1.0 [ 0.6414  0.6303  0.6276  0.6407  0.6355  0.63    0.6246  0.6318  0.6371
  0.6302]
Mean 0.61745 Standard Deviation 0.00574460616579
LRBF 0.0625 2.0 [ 0.6273  0.6163  0.6101  0.6279  0.617   0.6161  0.6117  0.6138  0.6203
  0.614 ]
Mean 0.59787 Standard Deviation 0.00561997330955
LRBF 0.125 0.0009765625 [ 0.5961  0.591   0.5961  0.5924  0.6005  0.6074  0.5969  0.5953  0.6086
  0.5944]
Mean 0.60217 Standard Deviation 0.00563294771856
LRBF 0.125 0.001953125 [ 0.6001  0.5947  0.6004  0.5958  0.6063  0.6118  0.6004  0.6     0.6118
  0.6004]
Mean 0.61243 Standard Deviation 0.00507681987075
LRBF 0.125 0.00390625 [ 0.612   0.6033  0.6097  0.6095  0.6168  0.6197  0.6128  0.6103  0.6209
  0.6093]
Mean 0.62323 Standard Deviation 0.00479709286965
LRBF 0.125 0.0078125 [ 0.6231  0.6127  0.6218  0.6199  0.6271  0.6298  0.6231  0.623   0.63
  0.6218]
Mean 0.63269 Standard Deviation 0.00595003361335
LRBF 0.125 0.015625 [ 0.6329  0.6203  0.6302  0.6283  0.6376  0.6386  0.6309  0.6325  0.6433
  0.6323]
Mean 0.63964 Standard Deviation 0.00636713436328
LRBF 0.125 0.03125 [ 0.6398  0.6281  0.6395  0.6357  0.6495  0.6444  0.6334  0.6397  0.6492
  0.6371]
Mean 0.64462 Standard Deviation 0.00590606467963
LRBF 0.125 0.0625 [ 0.6468  0.6345  0.6464  0.6415  0.653   0.6483  0.6409  0.6419  0.6541
  0.6388]
Mean 0.64973 Standard Deviation 0.00547833003752
LRBF 0.125 0.125 [ 0.6521  0.6425  0.6489  0.6518  0.6589  0.65    0.6414  0.6482  0.6578
  0.6457]
Mean 0.65111 Standard Deviation 0.00528553686961
LRBF 0.125 0.25 [ 0.6556  0.6473  0.6492  0.6534  0.6589  0.6497  0.643   0.6498  0.6593
  0.6449]
Mean 0.64951 Standard Deviation 0.00433023094072
LRBF 0.125 0.5 [ 0.6552  0.646   0.6501  0.655   0.653   0.6466  0.6445  0.647   0.6543
  0.6434]
Mean 0.64343 Standard Deviation 0.00543250402669
LRBF 0.125 1.0 [ 0.6541  0.6415  0.6408  0.651   0.6451  0.6393  0.6346  0.6416  0.6456
  0.6407]
Mean 0.63071 Standard Deviation 0.0062037811051
LRBF 0.125 2.0 [ 0.6436  0.6292  0.6218  0.6384  0.6321  0.6278  0.6226  0.6297  0.6315
  0.6304]
Mean 0.60011 Standard Deviation 0.00597703103556
LRBF 0.25 0.0009765625 [ 0.5976  0.5929  0.5983  0.5931  0.6047  0.6103  0.5995  0.5967  0.6103
  0.5977]
Mean 0.60645 Standard Deviation 0.00532827364162
LRBF 0.25 0.001953125 [ 0.605   0.5991  0.605   0.6009  0.6101  0.615   0.6051  0.6042  0.6162
  0.6039]
Mean 0.61846 Standard Deviation 0.00496108859022
LRBF 0.25 0.00390625 [ 0.6179  0.6088  0.6156  0.617   0.6222  0.6258  0.6187  0.618   0.6261
  0.6145]
Mean 0.62815 Standard Deviation 0.00495222172363
LRBF 0.25 0.0078125 [ 0.6281  0.6175  0.6249  0.6267  0.6309  0.6336  0.6287  0.6277  0.637
  0.6264]
Mean 0.63733 Standard Deviation 0.00624340451997
LRBF 0.25 0.015625 [ 0.6374  0.6257  0.6367  0.6339  0.6452  0.6423  0.631   0.6378  0.6479
  0.6354]
Mean 0.6427 Standard Deviation 0.00647688196588
LRBF 0.25 0.03125 [ 0.6438  0.6319  0.645   0.6366  0.65    0.6474  0.6362  0.6427  0.6541
  0.6393]
Mean 0.64805 Standard Deviation 0.00534158216262
LRBF 0.25 0.0625 [ 0.6511  0.6382  0.6491  0.6477  0.6557  0.6497  0.6425  0.6471  0.656
  0.6434]
Mean 0.65199 Standard Deviation 0.00605763155037
LRBF 0.25 0.125 [ 0.656   0.6437  0.6512  0.6533  0.662   0.6512  0.6439  0.6518  0.6608
  0.646 ]
Mean 0.65445 Standard Deviation 0.00463686316382
LRBF 0.25 0.25 [ 0.6593  0.6495  0.653   0.6562  0.6605  0.6515  0.6493  0.6521  0.6627
  0.6504]
Mean 0.65454 Standard Deviation 0.00383854138964
LRBF 0.25 0.5 [ 0.66    0.6531  0.6511  0.6577  0.6571  0.6535  0.6515  0.6512  0.6608
  0.6494]
Mean 0.65001 Standard Deviation 0.00467171274802
LRBF 0.25 1.0 [ 0.6589  0.6505  0.6462  0.6548  0.6525  0.6464  0.6431  0.6461  0.6538
  0.6478]
Mean 0.64085 Standard Deviation 0.00595201646503
LRBF 0.25 2.0 [ 0.6532  0.6373  0.6356  0.6474  0.6395  0.6349  0.6337  0.6442  0.6444
  0.6383]
Mean 0.60266 Standard Deviation 0.00567207193184
LRBF 0.5 0.0009765625 [ 0.6003  0.5959  0.6013  0.5957  0.6066  0.6122  0.6011  0.6001  0.6127
  0.6007]
Mean 0.61335 Standard Deviation 0.00482747345927
LRBF 0.5 0.001953125 [ 0.6135  0.6045  0.6101  0.6101  0.6163  0.6209  0.6137  0.6116  0.6212
  0.6116]
Mean 0.62362 Standard Deviation 0.00471206960899
LRBF 0.5 0.00390625 [ 0.6229  0.6131  0.6216  0.621   0.627   0.629   0.6236  0.6238  0.6313
  0.6229]
Mean 0.63319 Standard Deviation 0.00540304543753
LRBF 0.5 0.0078125 [ 0.633   0.6213  0.6317  0.6304  0.6379  0.639   0.6321  0.6323  0.6422
  0.632 ]
Mean 0.64052 Standard Deviation 0.00613706770372
LRBF 0.5 0.015625 [ 0.6416  0.6283  0.6422  0.6361  0.6481  0.6447  0.6355  0.6417  0.65
  0.637 ]
Mean 0.64539 Standard Deviation 0.00553072328001
LRBF 0.5 0.03125 [ 0.648   0.6355  0.6457  0.6427  0.6527  0.6479  0.6406  0.6464  0.6544
  0.64  ]
Mean 0.65095 Standard Deviation 0.00581794637308
LRBF 0.5 0.0625 [ 0.6562  0.6415  0.6521  0.6522  0.6583  0.6517  0.644   0.6487  0.6597
  0.6451]
Mean 0.65424 Standard Deviation 0.00520906901471
LRBF 0.5 0.125 [ 0.6592  0.6473  0.6543  0.6543  0.6611  0.6532  0.6478  0.6536  0.663
  0.6486]
Mean 0.65695 Standard Deviation 0.00403491016009
LRBF 0.5 0.25 [ 0.6626  0.6532  0.655   0.6596  0.6615  0.653   0.6551  0.6536  0.6631
  0.6528]
Mean 0.65713 Standard Deviation 0.00374594447369
LRBF 0.5 0.5 [ 0.6623  0.6564  0.6532  0.6603  0.6596  0.6537  0.6529  0.656   0.6633
  0.6536]
Mean 0.65422 Standard Deviation 0.00386077712384
LRBF 0.5 1.0 [ 0.6611  0.6541  0.6498  0.6588  0.6537  0.6492  0.6508  0.6537  0.6587
  0.6523]
Mean 0.64793 Standard Deviation 0.00453344240065
LRBF 0.5 2.0 [ 0.6562  0.6467  0.6441  0.6543  0.6464  0.6439  0.6411  0.6506  0.65
  0.646 ]
Mean 0.60685 Standard Deviation 0.00540060181832
LRBF 1.0 0.0009765625 [ 0.6053  0.5991  0.6046  0.6021  0.6105  0.6156  0.6054  0.6046  0.6168
  0.6045]
Mean 0.61873 Standard Deviation 0.00498899789537
LRBF 1.0 0.001953125 [ 0.6185  0.6088  0.6162  0.6172  0.6216  0.6267  0.6196  0.6179  0.626
  0.6148]
Mean 0.62821 Standard Deviation 0.00465498657356
LRBF 1.0 0.00390625 [ 0.6278  0.6184  0.6249  0.6258  0.6312  0.6341  0.6286  0.6279  0.6359
  0.6275]
Mean 0.63704 Standard Deviation 0.00612702211519
LRBF 1.0 0.0078125 [ 0.637   0.6261  0.6357  0.6337  0.6447  0.6424  0.6308  0.6383  0.6474
  0.6343]
Mean 0.64265 Standard Deviation 0.00569828921695
LRBF 1.0 0.015625 [ 0.6457  0.6328  0.6433  0.6382  0.649   0.645   0.6366  0.6441  0.6527
  0.6391]
Mean 0.6482 Standard Deviation 0.00502652961794
LRBF 1.0 0.03125 [ 0.6523  0.6388  0.6483  0.6469  0.655   0.6482  0.6435  0.6493  0.6558
  0.6439]
Mean 0.65303 Standard Deviation 0.0059055990382
LRBF 1.0 0.0625 [ 0.6585  0.6439  0.6536  0.6548  0.6607  0.6526  0.6447  0.6526  0.6615
  0.6474]
Mean 0.65621 Standard Deviation 0.0038560212655
LRBF 1.0 0.125 [ 0.6622  0.6524  0.6545  0.6588  0.661   0.6545  0.6527  0.6525  0.661
  0.6525]
Mean 0.65828 Standard Deviation 0.00370102688453
LRBF 1.0 0.25 [ 0.6632  0.6545  0.6554  0.6612  0.6628  0.6547  0.6568  0.6563  0.6635
  0.6544]
Mean 0.65762 Standard Deviation 0.00363477647181
LRBF 1.0 0.5 [ 0.662   0.6567  0.6567  0.6598  0.6625  0.6538  0.6526  0.6546  0.6627
  0.6548]
Mean 0.65558 Standard Deviation 0.00376743944875
LRBF 1.0 1.0 [ 0.6613  0.6544  0.6539  0.6605  0.6566  0.652   0.6508  0.6539  0.6607
  0.6517]
Mean 0.64918 Standard Deviation 0.0042409432913
LRBF 1.0 2.0 [ 0.6584  0.6489  0.6451  0.6511  0.6511  0.6481  0.6462  0.6482  0.6525
  0.6422]
Mean 0.61355 Standard Deviation 0.00465107514452
LRBF 2.0 0.0009765625 [ 0.6131  0.6053  0.6108  0.6106  0.6164  0.6212  0.6142  0.6119  0.621
  0.611 ]
Mean 0.62378 Standard Deviation 0.00460625661465
LRBF 2.0 0.001953125 [ 0.6233  0.6133  0.6219  0.6212  0.6272  0.63    0.6235  0.6233  0.6302
  0.6239]
Mean 0.63277 Standard Deviation 0.00516024224238
LRBF 2.0 0.00390625 [ 0.6335  0.622   0.6302  0.6303  0.6377  0.6387  0.6319  0.6308  0.6412
  0.6314]
Mean 0.63989 Standard Deviation 0.00631259851408
LRBF 2.0 0.0078125 [ 0.6411  0.6273  0.6416  0.6351  0.6477  0.6445  0.6334  0.6412  0.649
  0.638 ]
Mean 0.64529 Standard Deviation 0.00597
LRBF 2.0 0.015625 [ 0.648   0.6351  0.6447  0.6418  0.6534  0.648   0.6391  0.6473  0.655
  0.6405]
Mean 0.65032 Standard Deviation 0.00567658347952
LRBF 2.0 0.03125 [ 0.6563  0.6393  0.6511  0.65    0.6575  0.6498  0.6449  0.6513  0.6578
  0.6452]
Mean 0.65448 Standard Deviation 0.00581081749842
LRBF 2.0 0.0625 [ 0.6598  0.6461  0.6551  0.6546  0.6632  0.6533  0.6464  0.6547  0.6626
  0.649 ]
Mean 0.65752 Standard Deviation 0.00402462420606
LRBF 2.0 0.125 [ 0.6625  0.652   0.656   0.6609  0.6628  0.6564  0.6533  0.6541  0.6626
  0.6546]
Mean 0.65812 Standard Deviation 0.00309088983951
LRBF 2.0 0.25 [ 0.6635  0.6553  0.6562  0.66    0.6609  0.6564  0.6546  0.6565  0.6624
  0.6554]
Mean 0.65632 Standard Deviation 0.00398567434696
LRBF 2.0 0.5 [ 0.6616  0.6547  0.6537  0.6611  0.6591  0.6509  0.6519  0.6533  0.6619
  0.655 ]
Mean 0.65389 Standard Deviation 0.00433646169129
LRBF 2.0 1.0 [ 0.6616  0.6529  0.6531  0.6554  0.6558  0.6493  0.6491  0.6512  0.661
  0.6495]
Mean 0.64673 Standard Deviation 0.00520519932375
LRBF 2.0 2.0 [ 0.6594  0.6504  0.6407  0.6482  0.6442  0.6452  0.6456  0.6434  0.6491
  0.6411]
Mean 0.61877 Standard Deviation 0.00500360869773
LRBF 4.0 0.0009765625 [ 0.6187  0.6089  0.616   0.6168  0.6216  0.6266  0.619   0.6183  0.6265
  0.6153]
Mean 0.62794 Standard Deviation 0.00477811678384
LRBF 4.0 0.001953125 [ 0.6274  0.6175  0.6247  0.6259  0.6315  0.6347  0.6286  0.6269  0.6346
  0.6276]
Mean 0.63619 Standard Deviation 0.00545755439735
LRBF 4.0 0.00390625 [ 0.6367  0.626   0.634   0.6331  0.6415  0.6416  0.6314  0.6377  0.6458
  0.6341]
Mean 0.64208 Standard Deviation 0.00558870289065
LRBF 4.0 0.0078125 [ 0.6441  0.6324  0.6441  0.638   0.6496  0.6443  0.6356  0.6421  0.6512
  0.6394]
Mean 0.64766 Standard Deviation 0.00524064881479
LRBF 4.0 0.015625 [ 0.6508  0.6379  0.6474  0.6459  0.6547  0.6458  0.6432  0.6509  0.656
  0.644 ]
Mean 0.65254 Standard Deviation 0.00540780916823
LRBF 4.0 0.03125 [ 0.6589  0.6444  0.6532  0.6534  0.6588  0.6522  0.6453  0.6523  0.6602
  0.6467]
Mean 0.65558 Standard Deviation 0.00499615852431
LRBF 4.0 0.0625 [ 0.662   0.6485  0.6541  0.6588  0.6607  0.6533  0.6488  0.6545  0.663
  0.6521]
Mean 0.65793 Standard Deviation 0.00397040300222
LRBF 4.0 0.125 [ 0.6633  0.653   0.6549  0.6607  0.662   0.6568  0.657   0.6563  0.6634
  0.6519]
Mean 0.6572 Standard Deviation 0.00319593491799
LRBF 4.0 0.25 [ 0.6621  0.6552  0.6555  0.6608  0.6598  0.6541  0.6537  0.6541  0.6613
  0.6554]
Mean 0.65548 Standard Deviation 0.00384780456884
LRBF 4.0 0.5 [ 0.66    0.6521  0.6535  0.659   0.6598  0.6505  0.6507  0.6532  0.6608
  0.6552]
Mean 0.65179 Standard Deviation 0.00488701340289
LRBF 4.0 1.0 [ 0.6628  0.6506  0.6498  0.6519  0.6522  0.6477  0.6493  0.6504  0.6582
  0.645 ]
Mean 0.64362 Standard Deviation 0.00608585244645
LRBF 4.0 2.0 [ 0.6582  0.6497  0.6369  0.6437  0.6398  0.6417  0.6431  0.6387  0.646
  0.6384]
Best RBF:  (0.65827999999999987, 1.0, 0.5)
Using Logistic Regression
Mean 0.6198 Standard Deviation 0.00599966665741
LRC 0.0078125 l1 [ 0.6211  0.61    0.6197  0.6161  0.6253  0.6259  0.6129  0.6227  0.6297
  0.6146]
Mean 0.62042 Standard Deviation 0.00594454371672
LRC 0.0078125 l2 [ 0.6224  0.611   0.6205  0.6195  0.6264  0.6249  0.6124  0.6239  0.6295
  0.6137]
Mean 0.62031 Standard Deviation 0.00601921091174
LRC 0.015625 l1 [ 0.6224  0.6106  0.6206  0.6181  0.6257  0.6253  0.6129  0.6233  0.6303
  0.6139]
Mean 0.62047 Standard Deviation 0.00595853169833
LRC 0.015625 l2 [ 0.6221  0.6113  0.6208  0.6196  0.6264  0.6253  0.6123  0.6236  0.6297
  0.6136]
Mean 0.62052 Standard Deviation 0.00606148496657
LRC 0.03125 l1 [ 0.6226  0.6113  0.6204  0.6192  0.6258  0.6262  0.6125  0.6235  0.6302
  0.6135]
Mean 0.62052 Standard Deviation 0.00590606467963
LRC 0.03125 l2 [ 0.622   0.6114  0.6208  0.6197  0.6264  0.6255  0.6123  0.6236  0.6296
  0.6139]
Mean 0.62041 Standard Deviation 0.00607197661392
LRC 0.0625 l1 [ 0.6226  0.611   0.6203  0.6195  0.6263  0.6258  0.6122  0.6236  0.6295
  0.6133]
Mean 0.62053 Standard Deviation 0.00594323985718
LRC 0.0625 l2 [ 0.6218  0.6113  0.6207  0.6197  0.6264  0.6257  0.6123  0.6237  0.6297
  0.614 ]
Mean 0.62039 Standard Deviation 0.0060372924395
LRC 0.125 l1 [ 0.6221  0.6111  0.6202  0.6194  0.6265  0.6255  0.612   0.6236  0.6297
  0.6138]
Mean 0.62055 Standard Deviation 0.00597398526948
LRC 0.125 l2 [ 0.6218  0.6113  0.6207  0.6197  0.6264  0.6258  0.6123  0.6239  0.6297
  0.6139]
Mean 0.62045 Standard Deviation 0.00591662910786
LRC 0.25 l1 [ 0.622   0.6113  0.6206  0.6195  0.6264  0.6254  0.6123  0.6237  0.6295
  0.6138]
Mean 0.62054 Standard Deviation 0.00595133598447
LRC 0.25 l2 [ 0.6218  0.6114  0.6207  0.6196  0.6264  0.6257  0.6123  0.6239  0.6297
  0.6139]
Mean 0.62052 Standard Deviation 0.00592938445372
LRC 0.5 l1 [ 0.622   0.6114  0.6206  0.6196  0.6264  0.6257  0.6123  0.6237  0.6296
  0.6139]
Mean 0.62053 Standard Deviation 0.00593936865332
LRC 0.5 l2 [ 0.6219  0.6114  0.6207  0.6196  0.6264  0.6256  0.6123  0.6238  0.6297
  0.6139]
Mean 0.62055 Standard Deviation 0.00592962899345
LRC 1.0 l1 [ 0.6219  0.6115  0.6207  0.6196  0.6264  0.6256  0.6123  0.6239  0.6297
  0.6139]
Mean 0.62054 Standard Deviation 0.00599202803732
LRC 1.0 l2 [ 0.622   0.6113  0.6207  0.6196  0.6264  0.6256  0.6122  0.6239  0.6298
  0.6139]
Mean 0.62053 Standard Deviation 0.00594475398986
LRC 2.0 l1 [ 0.6219  0.6114  0.6206  0.6196  0.6264  0.6256  0.6123  0.6239  0.6297
  0.6139]
Mean 0.62054 Standard Deviation 0.00599202803732
LRC 2.0 l2 [ 0.622   0.6113  0.6207  0.6196  0.6264  0.6256  0.6122  0.6239  0.6298
  0.6139]
Mean 0.62052 Standard Deviation 0.00593915818951
LRC 4.0 l1 [ 0.6219  0.6114  0.6206  0.6196  0.6264  0.6256  0.6123  0.6238  0.6297
  0.6139]
Mean 0.62054 Standard Deviation 0.00599202803732
LRC 4.0 l2 [ 0.622   0.6113  0.6207  0.6196  0.6264  0.6256  0.6122  0.6239  0.6298
  0.6139]
Mean 0.62052 Standard Deviation 0.00593915818951
LRC 8.0 l1 [ 0.6219  0.6114  0.6206  0.6196  0.6264  0.6256  0.6123  0.6238  0.6297
  0.6139]
Mean 0.62056 Standard Deviation 0.00598234067903
LRC 8.0 l2 [ 0.622   0.6114  0.6207  0.6196  0.6264  0.6256  0.6122  0.624   0.6298
  0.6139]
Mean 0.62052 Standard Deviation 0.00595479638611
LRC 16.0 l1 [ 0.6219  0.6113  0.6207  0.6196  0.6264  0.6256  0.6123  0.6238  0.6297
  0.6139]
Mean 0.62054 Standard Deviation 0.00599202803732
LRC 16.0 l2 [ 0.622   0.6113  0.6207  0.6196  0.6264  0.6256  0.6122  0.6239  0.6298
  0.6139]
Mean 0.62053 Standard Deviation 0.00596037750482
LRC 32.0 l1 [ 0.6219  0.6113  0.6207  0.6196  0.6264  0.6256  0.6123  0.6239  0.6297
  0.6139]
Mean 0.62055 Standard Deviation 0.0059800083612
LRC 32.0 l2 [ 0.6219  0.6114  0.6207  0.6196  0.6264  0.6256  0.6122  0.624   0.6298
  0.6139]
Mean 0.62051 Standard Deviation 0.00596865981607
LRC 64.0 l1 [ 0.6219  0.6113  0.6207  0.6196  0.6264  0.6256  0.6122  0.6238  0.6297
  0.6139]
Mean 0.62056 Standard Deviation 0.00600619679997
LRC 64.0 l2 [ 0.622   0.6113  0.6207  0.6196  0.6264  0.6257  0.6122  0.624   0.6298
  0.6139]
Best LR :  (0.62056, 16.0, 'l2')
Number of samples, Number of features:  (32446, 30)
Number of samples, Number of features:  (32446, 30)
K: 5
Using SVM with linear kernel
Mean 0.599611685625 Standard Deviation 0.00618135398118
LSVM 0.0078125 [ 0.59969183  0.59229584  0.59476117  0.60801233  0.59414484  0.60801233
  0.59926017  0.60912454  0.59340321  0.5974106 ]
Mean 0.600043156597 Standard Deviation 0.00604344148487
LSVM 0.015625 [ 0.6         0.59383667  0.59568567  0.60801233  0.59383667  0.60862866
  0.60018496  0.60912454  0.59340321  0.59771887]
Mean 0.599981485316 Standard Deviation 0.00627272524717
LSVM 0.03125 [ 0.60123267  0.59352851  0.59568567  0.60801233  0.59291217  0.60924499
  0.60018496  0.60881628  0.59340321  0.59679408]
Mean 0.600197230302 Standard Deviation 0.00621840584103
LSVM 0.0625 [ 0.601849    0.59383667  0.5953775   0.60862866  0.59352851  0.60862866
  0.60018496  0.60912454  0.59340321  0.5974106 ]
Mean 0.600289689725 Standard Deviation 0.00634205873369
LSVM 0.125 [ 0.601849    0.59383667  0.59568567  0.60893683  0.59352851  0.60862866
  0.60018496  0.60974106  0.59340321  0.59710234]
Mean 0.600351323007 Standard Deviation 0.00623620918691
LSVM 0.25 [ 0.601849    0.594453    0.59568567  0.60893683  0.59352851  0.60862866
  0.60049322  0.6094328   0.59340321  0.59710234]
Mean 0.600351332506 Standard Deviation 0.00620351487469
LSVM 0.5 [ 0.60215716  0.594453    0.59568567  0.60862866  0.59322034  0.60862866
  0.60049322  0.6094328   0.59371147  0.59710234]
Mean 0.600351323007 Standard Deviation 0.00622707681973
LSVM 1.0 [ 0.60215716  0.59476117  0.59568567  0.60862866  0.59322034  0.60862866
  0.60080148  0.6094328   0.59340321  0.59679408]
Mean 0.600412946789 Standard Deviation 0.00619637649934
LSVM 2.0 [ 0.60215716  0.594453    0.59568567  0.60862866  0.59414484  0.60893683
  0.60049322  0.6094328   0.59340321  0.59679408]
Mean 0.60044377293 Standard Deviation 0.00616057980429
LSVM 4.0 [ 0.601849    0.59476117  0.59568567  0.60862866  0.59414484  0.60893683
  0.60080148  0.6094328   0.59340321  0.59679408]
Mean 0.600320496866 Standard Deviation 0.00624229214093
LSVM 8.0 [ 0.601849    0.59414484  0.5953775   0.60862866  0.59414484  0.60893683
  0.60049322  0.6094328   0.59340321  0.59679408]
Mean 0.60047459907 Standard Deviation 0.00616304049479
LSVM 16.0 [ 0.60215716  0.594453    0.59568567  0.60862866  0.59414484  0.60893683
  0.60049322  0.6094328   0.59340321  0.5974106 ]
Mean 0.600382130148 Standard Deviation 0.00616680585099
LSVM 32.0 [ 0.60246533  0.594453    0.5953775   0.60862866  0.59383667  0.60893683
  0.60018496  0.60912454  0.59371147  0.59710234]
Mean 0.600351313507 Standard Deviation 0.00627325557517
LSVM 64.0 [ 0.601849    0.59476117  0.5953775   0.60893683  0.59352851  0.60893683
  0.60018496  0.6094328   0.59340321  0.59710234]
Best LSVM:  (0.60047459907018097, 16.0)
Using SVM with RBF kernel
Mean 0.54083855652 Standard Deviation 0.0250615189545
LRBF 0.0078125 0.0009765625 [ 0.5624037   0.55901387  0.56548536  0.50693374  0.50046225  0.50292758
  0.55302096  0.55702836  0.54500617  0.55610358]
Mean 0.567003813132 Standard Deviation 0.00425290989613
LRBF 0.0078125 0.001953125 [ 0.57288136  0.56949153  0.5614792   0.56363636  0.55932203  0.56949153
  0.57151665  0.56997534  0.56504316  0.56720099]
Mean 0.586666701498 Standard Deviation 0.00831338889985
LRBF 0.0078125 0.00390625 [ 0.58890601  0.60400616  0.58644068  0.58243451  0.58397535  0.58644068
  0.58076449  0.59895191  0.5782984   0.57644883]
Mean 0.592245406478 Standard Deviation 0.00534413016965
LRBF 0.0078125 0.0078125 [ 0.59938367  0.59599384  0.58828968  0.59198767  0.58736518  0.59599384
  0.58970407  0.601418    0.58723798  0.58508015]
Mean 0.598440111791 Standard Deviation 0.0062743577736
LRBF 0.0078125 0.015625 [ 0.60400616  0.601849    0.59075501  0.60338983  0.596302    0.60647149
  0.59217016  0.60635018  0.59062885  0.59247842]
Mean 0.600259091574 Standard Deviation 0.00550184225106
LRBF 0.0078125 0.03125 [ 0.59568567  0.61078582  0.59568567  0.594453    0.59691834  0.60154083
  0.60172626  0.60912454  0.60110974  0.59556104]
Mean 0.59634534967 Standard Deviation 0.00659937648908
LRBF 0.0078125 0.0625 [ 0.58644068  0.59784284  0.59322034  0.59229584  0.59198767  0.59506934
  0.5958693   0.61282367  0.59771887  0.60018496]
Mean 0.575479386859 Standard Deviation 0.00673111861344
LRBF 0.0078125 0.125 [ 0.57349769  0.58027735  0.57103236  0.57812018  0.57318952  0.57257319
  0.56350185  0.59093711  0.57459926  0.57706535]
Mean 0.544135167639 Standard Deviation 0.00720200482943
LRBF 0.0078125 0.25 [ 0.53251156  0.54668721  0.54021572  0.54976888  0.53929122  0.54668721
  0.53298397  0.5527127   0.54654747  0.55394575]
Mean 0.521266360653 Standard Deviation 0.0098622070944
LRBF 0.0078125 0.5 [ 0.50785824  0.51278891  0.51063174  0.54298921  0.51525424  0.52973806
  0.52096178  0.52435265  0.52527744  0.52281134]
Mean 0.504130702836 Standard Deviation 0.00508761763594
LRBF 0.0078125 1.0 [ 0.50015408  0.49984592  0.50015408  0.49984592  0.50046225  0.49953775
  0.51140567  0.50924784  0.51017263  0.51048089]
Mean 0.503082642555 Standard Deviation 0.00403867217514
LRBF 0.0078125 2.0 [ 0.49984592  0.49984592  0.49984592  0.49984592  0.49984592  0.49984592
  0.50585697  0.50832306  0.50863132  0.50893958]
Mean 0.567342910178 Standard Deviation 0.00462749325951
LRBF 0.015625 0.0009765625 [ 0.57349769  0.56949153  0.5614792   0.5624037   0.55993837  0.56918336
  0.57336621  0.5702836   0.5647349   0.56905055]
Mean 0.586975361887 Standard Deviation 0.00609132160832
LRBF 0.015625 0.001953125 [ 0.59044684  0.594453    0.58212635  0.58089368  0.58459168  0.58674884
  0.58415536  0.60080148  0.5838471   0.58168927]
Mean 0.591659709807 Standard Deviation 0.00650089970688
LRBF 0.015625 0.00390625 [ 0.59599384  0.59383667  0.58736518  0.59876733  0.58551618  0.59753467
  0.58631319  0.60265105  0.58477189  0.5838471 ]
Mean 0.592645946814 Standard Deviation 0.00482918882551
LRBF 0.015625 0.0078125 [ 0.59599384  0.59106317  0.58798151  0.59876733  0.59106317  0.60061633
  0.59155364  0.5958693   0.58415536  0.58939581]
Mean 0.599858028761 Standard Deviation 0.00600569889139
LRBF 0.015625 0.015625 [ 0.6027735   0.59506934  0.598151    0.60215716  0.59969183  0.60770416
  0.601418    0.60974106  0.59062885  0.59124538]
Mean 0.610152183289 Standard Deviation 0.00568204822644
LRBF 0.015625 0.03125 [ 0.60832049  0.61694915  0.603698    0.60986133  0.61109399  0.61325116
  0.61559803  0.61806412  0.60419236  0.60049322]
Mean 0.607101487824 Standard Deviation 0.00567943186051
LRBF 0.015625 0.0625 [ 0.59876733  0.61109399  0.60246533  0.60246533  0.60585516  0.60708783
  0.61035758  0.62053021  0.60635018  0.60604192]
Mean 0.588392993869 Standard Deviation 0.00571387611861
LRBF 0.015625 0.125 [ 0.59044684  0.59414484  0.57966102  0.58921418  0.58705701  0.59075501
  0.5782984   0.59833539  0.58662145  0.58939581]
Mean 0.557449504977 Standard Deviation 0.00671881786229
LRBF 0.015625 0.25 [ 0.55223421  0.56363636  0.55315871  0.5605547   0.55254237  0.5559322
  0.54562269  0.57059186  0.55856967  0.56165228]
Mean 0.526814144496 Standard Deviation 0.0048138838168
LRBF 0.015625 0.5 [ 0.51895223  0.52819723  0.52234206  0.53220339  0.52265023  0.5248074
  0.52373613  0.53390875  0.52866831  0.53267571]
Mean 0.509307898522 Standard Deviation 0.00389728580714
LRBF 0.015625 1.0 [ 0.50416025  0.50693374  0.50508475  0.51864407  0.50662558  0.51032357
  0.51140567  0.50924784  0.51017263  0.51048089]
Mean 0.503514075529 Standard Deviation 0.00378662427108
LRBF 0.015625 2.0 [ 0.50015408  0.50046225  0.50015408  0.49984592  0.50292758  0.49984592
  0.50585697  0.50832306  0.50863132  0.50893958]
Mean 0.585742544254 Standard Deviation 0.00597033516678
LRBF 0.03125 0.0009765625 [ 0.58890601  0.58983051  0.58212635  0.58089368  0.58459168  0.58551618
  0.58446363  0.60080148  0.57953144  0.58076449]
Mean 0.589317436101 Standard Deviation 0.00592150892214
LRBF 0.03125 0.001953125 [ 0.5953775   0.59075501  0.58335901  0.59784284  0.58243451  0.59260401
  0.58754624  0.59710234  0.58168927  0.58446363]
Mean 0.590673548796 Standard Deviation 0.00578612023178
LRBF 0.03125 0.00390625 [ 0.59291217  0.58921418  0.58366718  0.59753467  0.58674884  0.6
  0.59340321  0.59371147  0.58014797  0.58939581]
Mean 0.596159585362 Standard Deviation 0.00606310600382
LRBF 0.03125 0.0078125 [ 0.59938367  0.59137134  0.59044684  0.60061633  0.59599384  0.60523883
  0.59648582  0.60511714  0.58908755  0.5878545 ]
Mean 0.60620703577 Standard Deviation 0.00755585483484
LRBF 0.03125 0.015625 [ 0.60585516  0.6046225   0.60431433  0.60986133  0.60647149  0.61263482
  0.61004932  0.62022195  0.59309494  0.59494451]
Mean 0.616901654637 Standard Deviation 0.00588392605931
LRBF 0.03125 0.03125 [ 0.62003082  0.61633282  0.61540832  0.62157165  0.61417565  0.62280431
  0.61683107  0.62669544  0.60789149  0.60727497]
Mean 0.617456800655 Standard Deviation 0.005260479053
LRBF 0.03125 0.0625 [ 0.61109399  0.62280431  0.61078582  0.61818182  0.61941448  0.61910632
  0.61374846  0.62885327  0.61652281  0.61405672]
Mean 0.604296546522 Standard Deviation 0.00474085218143
LRBF 0.03125 0.125 [ 0.60523883  0.60739599  0.59599384  0.603698    0.6046225   0.60308166
  0.59956843  0.6149815   0.60604192  0.60234279]
Mean 0.575479329862 Standard Deviation 0.00745794823818
LRBF 0.03125 0.25 [ 0.57318952  0.57596302  0.57996918  0.57318952  0.57318952  0.57503852
  0.55856967  0.58970407  0.58107275  0.57490752]
Mean 0.54117664661 Standard Deviation 0.00631935297151
LRBF 0.03125 0.5 [ 0.53189522  0.53559322  0.53744222  0.54422188  0.53682589  0.54360555
  0.53699137  0.55024661  0.54223181  0.5527127 ]
Mean 0.513530623799 Standard Deviation 0.00492686913761
LRBF 0.03125 1.0 [ 0.50600924  0.51278891  0.51248074  0.52049307  0.50631741  0.50847458
  0.51541307  0.51849568  0.51726264  0.5175709 ]
Mean 0.506534106346 Standard Deviation 0.00310074086834
LRBF 0.03125 2.0 [ 0.50508475  0.50570108  0.50077042  0.51278891  0.50385208  0.50539291
  0.50616523  0.5080148   0.50863132  0.50893958]
Mean 0.588731948421 Standard Deviation 0.00635421044957
LRBF 0.0625 0.0009765625 [ 0.596302    0.58674884  0.58305085  0.596302    0.58027735  0.59291217
  0.5878545   0.5974106   0.57953144  0.58692972]
Mean 0.587622330855 Standard Deviation 0.00682188170103
LRBF 0.0625 0.001953125 [ 0.58798151  0.58859784  0.57812018  0.594453    0.58366718  0.59876733
  0.58939581  0.59494451  0.57706535  0.58323058]
Mean 0.594741801387 Standard Deviation 0.0062104010696
LRBF 0.0625 0.00390625 [ 0.598151    0.58983051  0.58859784  0.59876733  0.594453    0.60616333
  0.59771887  0.60018496  0.58692972  0.58662145]
Mean 0.604018788271 Standard Deviation 0.00618436840746
LRBF 0.0625 0.0078125 [ 0.60647149  0.60215716  0.59938367  0.61047766  0.60154083  0.61047766
  0.60419236  0.61467324  0.59556104  0.59525277]
Mean 0.613357322942 Standard Deviation 0.00593331754546
LRBF 0.0625 0.015625 [ 0.61818182  0.61294299  0.61294299  0.61510015  0.61294299  0.61633282
  0.61652281  0.62268804  0.60419236  0.60172626]
Mean 0.622356808065 Standard Deviation 0.00486636750841
LRBF 0.0625 0.03125 [ 0.62280431  0.62526965  0.61818182  0.62835131  0.62280431  0.62773498
  0.62083847  0.62762022  0.61683107  0.61313194]
Mean 0.624545293053 Standard Deviation 0.00635227284049
LRBF 0.0625 0.0625 [ 0.61818182  0.6357473   0.62157165  0.62681048  0.62249615  0.62588598
  0.62145499  0.63594328  0.61652281  0.62083847]
Mean 0.616532272927 Standard Deviation 0.00623389482239
LRBF 0.0625 0.125 [ 0.61201849  0.61232666  0.61941448  0.61386749  0.61941448  0.61602465
  0.60974106  0.63286067  0.61282367  0.61683107]
Mean 0.589070893474 Standard Deviation 0.00611270757717
LRBF 0.0625 0.25 [ 0.59845917  0.58335901  0.59044684  0.58859784  0.59352851  0.58582435
  0.5782984   0.59833539  0.58908755  0.58477189]
Mean 0.554398486527 Standard Deviation 0.00618395429004
LRBF 0.0625 0.5 [ 0.54946071  0.5540832   0.55161787  0.5540832   0.54976888  0.5540832
  0.5446979   0.56750925  0.5567201   0.56196054]
Mean 0.526166928538 Standard Deviation 0.00334871399626
LRBF 0.0625 1.0 [ 0.5211094   0.52696456  0.52542373  0.52665639  0.52265023  0.5220339
  0.52743527  0.53205919  0.52681874  0.53051788]
Mean 0.509616131429 Standard Deviation 0.00226556267244
LRBF 0.0625 2.0 [ 0.50539291  0.50939908  0.50785824  0.51309707  0.50693374  0.51001541
  0.51017263  0.51233046  0.5095561   0.51140567]
Mean 0.586112201452 Standard Deviation 0.00649426077946
LRBF 0.125 0.0009765625 [ 0.58767334  0.58582435  0.57657935  0.59322034  0.58181818  0.59506934
  0.58847102  0.59371147  0.57583231  0.58292232]
Mean 0.592214637334 Standard Deviation 0.00661550113546
LRBF 0.125 0.001953125 [ 0.59322034  0.58644068  0.58736518  0.5972265   0.59106317  0.601849
  0.5958693   0.60203453  0.5838471   0.58323058]
Mean 0.601491567222 Standard Deviation 0.00690259126068
LRBF 0.125 0.00390625 [ 0.60616333  0.59661017  0.59352851  0.60770416  0.5990755   0.61047766
  0.60203453  0.61220715  0.59432799  0.59278668]
Mean 0.611292418004 Standard Deviation 0.00691093170392
LRBF 0.125 0.0078125 [ 0.61355932  0.61047766  0.60616333  0.61633282  0.60893683  0.61848998
  0.61683107  0.62114673  0.601418    0.59956843]
Mean 0.621617294177 Standard Deviation 0.00479576174081
LRBF 0.125 0.015625 [ 0.62280431  0.62280431  0.61633282  0.62311248  0.62465331  0.62526965
  0.62361282  0.62916153  0.61559803  0.61282367]
Mean 0.629229878462 Standard Deviation 0.00495799470829
LRBF 0.125 0.03125 [ 0.63081664  0.6357473   0.62557781  0.63020031  0.63328197  0.62711864
  0.62731196  0.63748459  0.62237978  0.62237978]
Mean 0.630801726644 Standard Deviation 0.00568515475201
LRBF 0.125 0.0625 [ 0.62619414  0.6366718   0.63297381  0.63266564  0.63328197  0.63020031
  0.62546239  0.64180025  0.62762022  0.62114673]
Mean 0.625593505326 Standard Deviation 0.00568730574723
LRBF 0.125 0.125 [ 0.62465331  0.61910632  0.63235747  0.62218798  0.62465331  0.62372881
  0.62268804  0.63964242  0.62484587  0.62207152]
Mean 0.601368433652 Standard Deviation 0.00589505457355
LRBF 0.125 0.25 [ 0.605547    0.59969183  0.59845917  0.60061633  0.60585516  0.59784284
  0.59648582  0.61590629  0.59833539  0.59494451]
Mean 0.569377007974 Standard Deviation 0.00618762151251
LRBF 0.125 0.5 [ 0.56979969  0.56702619  0.57134052  0.56640986  0.56733436  0.56795069
  0.55795314  0.58415536  0.57244143  0.56935882]
Mean 0.536984728473 Standard Deviation 0.0041124380283
LRBF 0.125 1.0 [ 0.53097072  0.53775039  0.53590139  0.53929122  0.53590139  0.53559322
  0.53483354  0.5446979   0.53205919  0.54284834]
Mean 0.514701684656 Standard Deviation 0.00406488481054
LRBF 0.125 2.0 [ 0.50785824  0.51248074  0.51309707  0.52141757  0.51155624  0.51093991
  0.51479655  0.51942047  0.51695438  0.51849568]
Mean 0.590581203369 Standard Deviation 0.00602854752355
LRBF 0.25 0.0009765625 [ 0.59260401  0.58551618  0.58489985  0.59599384  0.58582435  0.6009245
  0.59340321  0.59802713  0.5838471   0.58477189]
Mean 0.597947321023 Standard Deviation 0.00651882848845
LRBF 0.25 0.001953125 [ 0.5990755   0.59013867  0.59291217  0.6027735   0.59661017  0.60739599
  0.60049322  0.60850801  0.5918619   0.58970407]
Mean 0.608426128408 Standard Deviation 0.00671389542078
LRBF 0.25 0.00390625 [ 0.60955316  0.60585516  0.60338983  0.61540832  0.603698    0.61848998
  0.61097411  0.6174476   0.601418    0.59802713]
Mean 0.618442809672 Standard Deviation 0.0054783362644
LRBF 0.25 0.0078125 [ 0.62496148  0.61972265  0.61294299  0.61848998  0.61571649  0.62342065
  0.62268804  0.62546239  0.61097411  0.61004932]
Mean 0.627627280137 Standard Deviation 0.00505925020586
LRBF 0.25 0.015625 [ 0.63297381  0.63050847  0.62434515  0.62557781  0.62711864  0.63050847
  0.62731196  0.63686806  0.62268804  0.61837238]
Mean 0.633853011082 Standard Deviation 0.00451969992325
LRBF 0.25 0.03125 [ 0.63389831  0.6385208   0.6348228   0.6348228   0.6366718   0.62958398
  0.63008631  0.64210851  0.6325524   0.62546239]
Mean 0.635825276105 Standard Deviation 0.00653077643803
LRBF 0.25 0.0625 [ 0.63297381  0.63790447  0.64191063  0.64160247  0.63913713  0.63451464
  0.6325524   0.64611591  0.62823674  0.62330456]
Mean 0.632189206956 Standard Deviation 0.00589510236404
LRBF 0.25 0.125 [ 0.62342065  0.63050847  0.63359014  0.63328197  0.63297381  0.62835131
  0.63193588  0.64611591  0.62577065  0.63594328]
Mean 0.614189837728 Standard Deviation 0.00495740046366
LRBF 0.25 0.25 [ 0.61571649  0.61540832  0.61633282  0.60986133  0.61448382  0.60986133
  0.61035758  0.6270037   0.60974106  0.61313194]
Mean 0.582783785735 Standard Deviation 0.00554183920683
LRBF 0.25 0.5 [ 0.58120185  0.58120185  0.58890601  0.58027735  0.58058552  0.58181818
  0.574291    0.59494451  0.58631319  0.5782984 ]
Mean 0.547586982914 Standard Deviation 0.00420494649262
LRBF 0.25 1.0 [ 0.54360555  0.54730354  0.55254237  0.54576271  0.54453005  0.54453005
  0.54623921  0.55702836  0.54377312  0.55055487]
Mean 0.521235544013 Standard Deviation 0.0037590512168
LRBF 0.25 2.0 [ 0.51617874  0.52172573  0.52141757  0.52511556  0.51956857  0.51494607
  0.52003699  0.52681874  0.52034525  0.52620222]
Mean 0.596221617627 Standard Deviation 0.00612822121496
LRBF 0.5 0.0009765625 [ 0.5953775   0.58828968  0.59260401  0.59938367  0.59137134  0.603698
  0.60049322  0.60819975  0.59217016  0.59062885]
Mean 0.604388749456 Standard Deviation 0.00632905234709
LRBF 0.5 0.001953125 [ 0.60677966  0.60123267  0.59599384  0.61016949  0.60123267  0.61355932
  0.60388409  0.61467324  0.59956843  0.59679408]
Mean 0.614713673127 Standard Deviation 0.00591838967079
LRBF 0.5 0.00390625 [ 0.61756549  0.61263482  0.60924499  0.61756549  0.60955316  0.62187982
  0.61960543  0.62422935  0.60819975  0.60665845]
Mean 0.624976830522 Standard Deviation 0.00518097594226
LRBF 0.5 0.0078125 [ 0.63081664  0.62650231  0.61879815  0.62126348  0.62403698  0.63020031
  0.62885327  0.63162762  0.62176326  0.61590629]
Mean 0.632373669821 Standard Deviation 0.00435762931607
LRBF 0.5 0.015625 [ 0.6348228   0.63728814  0.63420647  0.62958398  0.63174114  0.63050847
  0.63409371  0.63964242  0.62762022  0.62422935]
Mean 0.638352630149 Standard Deviation 0.00492684987791
LRBF 0.5 0.03125 [ 0.64067797  0.6357473   0.6422188   0.64375963  0.64067797  0.6375963
  0.63686806  0.64519112  0.63193588  0.62885327]
Mean 0.641712137995 Standard Deviation 0.00702233886593
LRBF 0.5 0.0625 [ 0.63697997  0.63636364  0.64992296  0.64653313  0.64838213  0.64006163
  0.6405672   0.65320592  0.63131936  0.63378545]
Mean 0.638322240989 Standard Deviation 0.00623843183713
LRBF 0.5 0.125 [ 0.63174114  0.63821263  0.64468413  0.6375963   0.63821263  0.63605547
  0.64395808  0.65073983  0.62916153  0.63286067]
Mean 0.625439441121 Standard Deviation 0.00719177079021
LRBF 0.5 0.25 [ 0.62526965  0.62342065  0.63297381  0.61756549  0.62681048  0.61848998
  0.62422935  0.64272503  0.6189889   0.62392109]
Mean 0.594403160321 Standard Deviation 0.00541723968265
LRBF 0.5 0.5 [ 0.59476117  0.59476117  0.59506934  0.58828968  0.59661017  0.59198767
  0.59032059  0.60727497  0.59771887  0.58723798]
Mean 0.563182046172 Standard Deviation 0.00445600972988
LRBF 0.5 1.0 [ 0.5596302   0.5614792   0.57257319  0.5596302   0.55993837  0.56117103
  0.55856967  0.56966708  0.56411837  0.56504316]
Mean 0.532854747606 Standard Deviation 0.00311287519907
LRBF 0.5 2.0 [ 0.52727273  0.53405239  0.53405239  0.53405239  0.53097072  0.53158706
  0.53144266  0.53945746  0.53051788  0.5351418 ]
Mean 0.600751967838 Standard Deviation 0.00643583922638
LRBF 1.0 0.0009765625 [ 0.60154083  0.59506934  0.59414484  0.60801233  0.59753467  0.60986133
  0.60110974  0.61097411  0.59710234  0.59217016]
Mean 0.610398735416 Standard Deviation 0.00587335900633
LRBF 1.0 0.001953125 [ 0.61140216  0.60739599  0.60431433  0.61602465  0.60770416  0.61818182
  0.61313194  0.61960543  0.60295931  0.60326757]
Mean 0.62026121948 Standard Deviation 0.00559399055789
LRBF 1.0 0.00390625 [ 0.62434515  0.62095532  0.61510015  0.62064715  0.61941448  0.62557781
  0.62484587  0.62854501  0.61159063  0.61159063]
Mean 0.630185355826 Standard Deviation 0.00501475450443
LRBF 1.0 0.0078125 [ 0.6366718   0.63020031  0.62989214  0.62742681  0.62927581  0.63359014
  0.62916153  0.63902589  0.62607891  0.62053021]
Mean 0.636256994067 Standard Deviation 0.00432458714551
LRBF 1.0 0.015625 [ 0.64067797  0.6366718   0.63975347  0.63543914  0.63266564  0.63790447
  0.63625154  0.64364982  0.63008631  0.62946979]
Mean 0.643253198034 Standard Deviation 0.00707931894739
LRBF 1.0 0.03125 [ 0.6459168   0.6348228   0.65546995  0.64622496  0.64560863  0.63821263
  0.63748459  0.65443896  0.63625154  0.63810111]
Mean 0.645040867198 Standard Deviation 0.00723225093029
LRBF 1.0 0.0625 [ 0.64252696  0.63975347  0.65269646  0.6459168   0.6449923   0.64838213
  0.64241677  0.66029593  0.63224414  0.64118372]
Mean 0.63995577945 Standard Deviation 0.0075455925813
LRBF 1.0 0.125 [ 0.64006163  0.63359014  0.65053929  0.63605547  0.63297381  0.6412943
  0.64549938  0.65382244  0.62916153  0.6365598 ]
Mean 0.628274990073 Standard Deviation 0.00618756795892
LRBF 1.0 0.25 [ 0.62989214  0.62896764  0.62896764  0.61972265  0.62403698  0.62773498
  0.6310111   0.64395808  0.62515413  0.62330456]
Mean 0.611385067419 Standard Deviation 0.00582893837271
LRBF 1.0 0.5 [ 0.61818182  0.61232666  0.61787365  0.60338983  0.60493066  0.61171032
  0.60758323  0.62176326  0.60850801  0.60758323]
Mean 0.582937659949 Standard Deviation 0.00504754516769
LRBF 1.0 1.0 [ 0.58489985  0.58089368  0.58952234  0.57627119  0.58613251  0.58459168
  0.58014797  0.5838471   0.58970407  0.57336621]
Mean 0.557911479104 Standard Deviation 0.00378474397224
LRBF 1.0 2.0 [ 0.55808937  0.55624037  0.5651772   0.55562404  0.55716487  0.55932203
  0.55240444  0.56350185  0.55795314  0.55363748]
Mean 0.606022344915 Standard Deviation 0.00602337023381
LRBF 2.0 0.0009765625 [ 0.60801233  0.60308166  0.59969183  0.60924499  0.60030817  0.61479199
  0.60789149  0.61683107  0.60110974  0.59926017]
Mean 0.615453434004 Standard Deviation 0.00580789535083
LRBF 2.0 0.001953125 [ 0.61756549  0.61386749  0.60924499  0.61787365  0.61078582  0.62126348
  0.62176326  0.62515413  0.60850801  0.60850801]
Mean 0.626055650446 Standard Deviation 0.00588546387327
LRBF 2.0 0.00390625 [ 0.63050847  0.62650231  0.62095532  0.62126348  0.62496148  0.63050847
  0.6310111   0.63717633  0.62022195  0.6174476 ]
Mean 0.633699022873 Standard Deviation 0.00339580611136
LRBF 2.0 0.0078125 [ 0.6366718   0.63636364  0.63605547  0.63143297  0.63143297  0.63174114
  0.63409371  0.64025894  0.63008631  0.62885327]
Mean 0.639246664222 Standard Deviation 0.00582229739505
LRBF 2.0 0.015625 [ 0.64283513  0.63451464  0.64992296  0.6403698   0.63636364  0.63420647
  0.63871763  0.648582    0.63286067  0.63409371]
Mean 0.645472575659 Standard Deviation 0.00626093234619
LRBF 2.0 0.03125 [ 0.64560863  0.6394453   0.65608629  0.6403698   0.64745763  0.64067797
  0.64549938  0.65721332  0.63840937  0.64395808]
Mean 0.643684925495 Standard Deviation 0.00549128747086
LRBF 2.0 0.0625 [ 0.64653313  0.6412943   0.65177196  0.6385208   0.64283513  0.64006163
  0.64611591  0.65104809  0.63286067  0.64580764]
Mean 0.634192241122 Standard Deviation 0.00620041798777
LRBF 2.0 0.125 [ 0.63605547  0.63790447  0.6403698   0.62619414  0.62557781  0.6375963
  0.63594328  0.64426634  0.62577065  0.63224414]
Mean 0.622079857278 Standard Deviation 0.00673555021738
LRBF 2.0 0.25 [ 0.62526965  0.61910632  0.62804314  0.61140216  0.61725732  0.62835131
  0.62268804  0.63471023  0.61929716  0.61467324]
Mean 0.605621681084 Standard Deviation 0.00570038745287
LRBF 2.0 0.5 [ 0.60893683  0.5972265   0.61047766  0.59506934  0.60893683  0.61201849
  0.60450062  0.61220715  0.60234279  0.60450062]
Mean 0.579023186577 Standard Deviation 0.00544916882644
LRBF 2.0 1.0 [ 0.58520801  0.57873652  0.57812018  0.57380586  0.58674884  0.58520801
  0.57644883  0.57860666  0.57953144  0.56781751]
Mean 0.555908112452 Standard Deviation 0.00561564225402
LRBF 2.0 2.0 [ 0.55439137  0.54761171  0.56610169  0.55439137  0.55993837  0.55839753
  0.55117139  0.56288533  0.55487053  0.54932182]
Mean 0.61150838148 Standard Deviation 0.00546501248557
LRBF 4.0 0.0009765625 [ 0.61263482  0.60832049  0.60431433  0.61571649  0.60986133  0.61725732
  0.61559803  0.62083847  0.60480888  0.60573366]
Mean 0.621309175265 Standard Deviation 0.00554980297575
LRBF 4.0 0.001953125 [ 0.62403698  0.62403698  0.61479199  0.61941448  0.62095532  0.62711864
  0.6270037   0.62885327  0.6134402   0.6134402 ]
Mean 0.631048421265 Standard Deviation 0.00413273579301
LRBF 4.0 0.00390625 [ 0.6348228   0.62958398  0.63204931  0.62804314  0.63143297  0.63328197
  0.63162762  0.63933416  0.62577065  0.62453761]
Mean 0.636441988908 Standard Deviation 0.00414851521191
LRBF 4.0 0.0078125 [ 0.64098613  0.6394453   0.64098613  0.63636364  0.63174114  0.63235747
  0.63378545  0.64334155  0.63316893  0.63224414]
Mean 0.641989696754 Standard Deviation 0.00720517610126
LRBF 4.0 0.015625 [ 0.64684129  0.63389831  0.65577812  0.63975347  0.6431433   0.6348228
  0.64149199  0.65228113  0.63471023  0.63717633]
Mean 0.645102785467 Standard Deviation 0.00743909766441
LRBF 4.0 0.03125 [ 0.6449923   0.63790447  0.65269646  0.6403698   0.64807396  0.64160247
  0.64580764  0.66029593  0.63224414  0.64704069]
Mean 0.637397637264 Standard Deviation 0.00755534148614
LRBF 4.0 0.0625 [ 0.6431433   0.6348228   0.64745763  0.62681048  0.62835131  0.64006163
  0.64272503  0.64580764  0.62607891  0.63871763]
Mean 0.626148147867 Standard Deviation 0.00814996058965
LRBF 4.0 0.125 [ 0.62989214  0.62588598  0.6375963   0.61325116  0.61571649  0.63174114
  0.6325524   0.63532676  0.62145499  0.61806412]
Mean 0.613665783839 Standard Deviation 0.00524850047563
LRBF 4.0 0.25 [ 0.61571649  0.60708783  0.61756549  0.60862866  0.61016949  0.62280431
  0.6174476   0.61868064  0.61189889  0.60665845]
Mean 0.599210974296 Standard Deviation 0.00498484533044
LRBF 4.0 0.5 [ 0.6         0.59044684  0.60338983  0.59661017  0.59969183  0.60585516
  0.60388409  0.59864365  0.59093711  0.60265105]
Mean 0.57372200236 Standard Deviation 0.00663207468473
LRBF 4.0 1.0 [ 0.58243451  0.56640986  0.58027735  0.56918336  0.57966102  0.58027735
  0.56966708  0.5702836   0.57675709  0.5622688 ]
Mean 0.554397755059 Standard Deviation 0.00583257854018
LRBF 4.0 2.0 [ 0.55531587  0.55038521  0.56764253  0.55223421  0.55654854  0.55469954
  0.54808878  0.55826141  0.55548705  0.54531443]
Best RBF:  (0.64547257565941352, 2.0, 0.0625)
Using Logistic Regression
Mean 0.618473816305 Standard Deviation 0.00581343816623
LRC 0.0078125 l1 [ 0.62280431  0.62064715  0.61232666  0.61787365  0.61633282  0.61941448
  0.62607891  0.62792848  0.61159063  0.60974106]
Mean 0.625809031822 Standard Deviation 0.00682227430365
LRC 0.0078125 l2 [ 0.63266564  0.62311248  0.61818182  0.62496148  0.63112481  0.62496148
  0.6310111   0.63378545  0.61066584  0.62762022]
Mean 0.619644734667 Standard Deviation 0.00618301066988
LRC 0.015625 l1 [ 0.62311248  0.62280431  0.61294299  0.62126348  0.62095532  0.62372881
  0.62823674  0.62330456  0.60665845  0.6134402 ]
Mean 0.626302354566 Standard Deviation 0.0072909380385
LRC 0.015625 l2 [ 0.63204931  0.62126348  0.61910632  0.62372881  0.63235747  0.62311248
  0.63409371  0.63440197  0.61159063  0.63131936]
Mean 0.623219940001 Standard Deviation 0.00610154116949
LRC 0.03125 l1 [ 0.63020031  0.62249615  0.61787365  0.62280431  0.62711864  0.62465331
  0.6310111   0.62731196  0.60974106  0.6189889 ]
Mean 0.62645646627 Standard Deviation 0.00721290187399
LRC 0.03125 l2 [ 0.63174114  0.62342065  0.61910632  0.62403698  0.63174114  0.62218798
  0.6350185   0.63347719  0.61159063  0.63224414]
Mean 0.625223477645 Standard Deviation 0.00617169851193
LRC 0.0625 l1 [ 0.63266564  0.62157165  0.61879815  0.62311248  0.63050847  0.62372881
  0.63193588  0.63131936  0.61282367  0.62577065]
Mean 0.626487320909 Standard Deviation 0.00754657078508
LRC 0.0625 l2 [ 0.63143297  0.62311248  0.61941448  0.62342065  0.63143297  0.62249615
  0.63471023  0.63440197  0.61066584  0.63378545]
Mean 0.626179002506 Standard Deviation 0.0065828582147
LRC 0.125 l1 [ 0.63204931  0.62218798  0.61972265  0.62496148  0.63081664  0.62342065
  0.63378545  0.63286067  0.61220715  0.62977805]
Mean 0.62654898269 Standard Deviation 0.00733694001634
LRC 0.125 l2 [ 0.63112481  0.62249615  0.62003082  0.62372881  0.63081664  0.62280431
  0.63440197  0.63471023  0.61128237  0.63409371]
Mean 0.626518128051 Standard Deviation 0.00716536726043
LRC 0.25 l1 [ 0.63081664  0.62280431  0.61910632  0.62403698  0.63143297  0.62372881
  0.6350185   0.63378545  0.61159063  0.63286067]
Mean 0.626240787781 Standard Deviation 0.00764845206085
LRC 0.25 l2 [ 0.63050847  0.62311248  0.61972265  0.62311248  0.63050847  0.62187982
  0.63440197  0.6350185   0.61004932  0.63409371]
Mean 0.626394851987 Standard Deviation 0.00745626812649
LRC 0.5 l1 [ 0.63081664  0.62280431  0.61972265  0.62403698  0.63081664  0.62280431
  0.6350185   0.63409371  0.61035758  0.63347719]
Mean 0.626364063845 Standard Deviation 0.00776586673804
LRC 0.5 l2 [ 0.63050847  0.62311248  0.62003082  0.62342065  0.63081664  0.62187982
  0.63440197  0.63563502  0.60974106  0.63409371]
Mean 0.626364054345 Standard Deviation 0.00755172974816
LRC 1.0 l1 [ 0.63020031  0.62280431  0.62003082  0.62403698  0.63050847  0.62249615
  0.63471023  0.63471023  0.61004932  0.63409371]
Mean 0.626364054345 Standard Deviation 0.00768393680478
LRC 1.0 l2 [ 0.63020031  0.62342065  0.62003082  0.62342065  0.63081664  0.62218798
  0.63440197  0.63532676  0.60974106  0.63409371]
Mean 0.626302421063 Standard Deviation 0.00765781806785
LRC 2.0 l1 [ 0.62989214  0.62342065  0.62003082  0.62372881  0.63050847  0.62187982
  0.63440197  0.63532676  0.60974106  0.63409371]
Mean 0.626394870986 Standard Deviation 0.00757295386005
LRC 2.0 l2 [ 0.62989214  0.62342065  0.62003082  0.62342065  0.63112481  0.62249615
  0.63409371  0.63532676  0.61004932  0.63409371]
Mean 0.626394880486 Standard Deviation 0.00772159319408
LRC 4.0 l1 [ 0.63020031  0.62311248  0.62003082  0.62372881  0.63081664  0.62218798
  0.63440197  0.63563502  0.60974106  0.63409371]
Mean 0.626394870986 Standard Deviation 0.00760548855462
LRC 4.0 l2 [ 0.62989214  0.62342065  0.62003082  0.62311248  0.63143297  0.62249615
  0.63409371  0.63532676  0.61004932  0.63409371]
Mean 0.626333237704 Standard Deviation 0.00766909322505
LRC 8.0 l1 [ 0.62989214  0.62342065  0.62003082  0.62342065  0.63081664  0.62218798
  0.63440197  0.63532676  0.60974106  0.63409371]
Mean 0.626394870986 Standard Deviation 0.00760548855462
LRC 8.0 l2 [ 0.62989214  0.62342065  0.62003082  0.62311248  0.63143297  0.62249615
  0.63409371  0.63532676  0.61004932  0.63409371]
Mean 0.626394870986 Standard Deviation 0.00757295386005
LRC 16.0 l1 [ 0.62989214  0.62342065  0.62003082  0.62342065  0.63112481  0.62249615
  0.63409371  0.63532676  0.61004932  0.63409371]
Mean 0.626394870986 Standard Deviation 0.00760548855462
LRC 16.0 l2 [ 0.62989214  0.62342065  0.62003082  0.62311248  0.63143297  0.62249615
  0.63409371  0.63532676  0.61004932  0.63409371]
Mean 0.626394870986 Standard Deviation 0.00760548855462
LRC 32.0 l1 [ 0.62989214  0.62342065  0.62003082  0.62311248  0.63143297  0.62249615
  0.63409371  0.63532676  0.61004932  0.63409371]
Mean 0.626394870986 Standard Deviation 0.00760548855462
LRC 32.0 l2 [ 0.62989214  0.62342065  0.62003082  0.62311248  0.63143297  0.62249615
  0.63409371  0.63532676  0.61004932  0.63409371]
Mean 0.626394880486 Standard Deviation 0.00759129317913
LRC 64.0 l1 [ 0.62958398  0.62342065  0.62003082  0.62342065  0.63112481  0.62249615
  0.63440197  0.63532676  0.61004932  0.63409371]
Mean 0.626394870986 Standard Deviation 0.00760548855462
LRC 64.0 l2 [ 0.62989214  0.62342065  0.62003082  0.62311248  0.63143297  0.62249615
  0.63409371  0.63532676  0.61004932  0.63409371]
Best LR :  (0.62654898268986337, 0.25, 'l2')
