Number of samples, Number of features:  (3182, 45)
K: 20
Using Decision Trees
Mean 0.658086394196 Standard Deviation 0.0193353556805
DT 20 [ 0.65830721  0.62695925  0.67295597  0.62893082  0.64150943  0.67295597
  0.66352201  0.67295597  0.65408805  0.68867925]
Mean 0.686685002267 Standard Deviation 0.0239341597885
DT 30 [ 0.6677116   0.67398119  0.70125786  0.69496855  0.65408805  0.66981132
  0.71698113  0.69811321  0.66037736  0.72955975]
Mean 0.685429112202 Standard Deviation 0.0127007429377
DT 40 [ 0.67711599  0.65830721  0.6918239   0.69496855  0.68238994  0.67610063
  0.70125786  0.6918239   0.67924528  0.70125786]
Mean 0.693598312336 Standard Deviation 0.0122595273575
DT 50 [ 0.69278997  0.6645768   0.69496855  0.71069182  0.6918239   0.68238994
  0.69496855  0.69811321  0.69811321  0.70754717]
Mean 0.702405315353 Standard Deviation 0.0179739574461
DT 60 [ 0.68652038  0.6645768   0.68553459  0.70440252  0.71069182  0.71069182
  0.72012579  0.72641509  0.71698113  0.69811321]
Mean 0.700511622405 Standard Deviation 0.0141304222664
DT 70 [ 0.70532915  0.6677116   0.70125786  0.6918239   0.70440252  0.70125786
  0.72012579  0.72012579  0.69811321  0.69496855]
Mean 0.706484493602 Standard Deviation 0.0160651178597
DT 80 [ 0.71159875  0.6677116   0.71698113  0.71069182  0.6918239   0.71383648
  0.72012579  0.72327044  0.69496855  0.71383648]
Mean 0.712141913606 Standard Deviation 0.0194468766398
DT 90 [ 0.72100313  0.6677116   0.71069182  0.72955975  0.6918239   0.71698113
  0.74213836  0.72012579  0.70754717  0.71383648]
Mean 0.706172985548 Standard Deviation 0.0218481641317
DT 100 [ 0.71473354  0.65517241  0.72327044  0.72327044  0.67924528  0.69811321
  0.72955975  0.71698113  0.70754717  0.71383648]
Mean 0.707118353345 Standard Deviation 0.0217429229093
DT 110 [ 0.71159875  0.65203762  0.72327044  0.72327044  0.6918239   0.69811321
  0.72012579  0.71069182  0.70754717  0.7327044 ]
Mean 0.707424932474 Standard Deviation 0.0188493472935
DT 120 [ 0.71159875  0.67711599  0.72955975  0.70754717  0.6918239   0.72012579
  0.6918239   0.68553459  0.7327044   0.72641509]
Mean 0.708052877506 Standard Deviation 0.0185973289221
DT 130 [ 0.71159875  0.68025078  0.72955975  0.70440252  0.6918239   0.72012579
  0.70440252  0.67924528  0.7327044   0.72641509]
Mean 0.705544054731 Standard Deviation 0.0226499152872
DT 140 [ 0.71159875  0.65830721  0.72955975  0.70125786  0.6918239   0.72012579
  0.70440252  0.67924528  0.7327044   0.72641509]
Best DT:  (0.71214191360580426, 90)
Number of samples, Number of features:  (3486, 44)
K: 19
Using Decision Trees
Mean 0.66237278925 Standard Deviation 0.0163307848059
DT 20 [ 0.65329513  0.66762178  0.67335244  0.67908309  0.63610315  0.63323782
  0.6637931   0.66666667  0.68678161  0.6637931 ]
Mean 0.67470029312 Standard Deviation 0.0180110775044
DT 30 [ 0.69054441  0.68481375  0.68481375  0.69340974  0.63037249  0.65902579
  0.67241379  0.66666667  0.68678161  0.67816092]
Mean 0.691063959424 Standard Deviation 0.0138041855245
DT 40 [ 0.68481375  0.68194842  0.68767908  0.67621777  0.67048711  0.69627507
  0.69252874  0.70402299  0.72126437  0.6954023 ]
Mean 0.68791127359 Standard Deviation 0.0136607357006
DT 50 [ 0.69340974  0.67621777  0.67621777  0.67335244  0.67335244  0.67621777
  0.70689655  0.70402299  0.69252874  0.70689655]
Mean 0.688197806541 Standard Deviation 0.0236622903977
DT 60 [ 0.68481375  0.68194842  0.70200573  0.70773639  0.62750716  0.66762178
  0.69827586  0.70402299  0.70114943  0.70689655]
Mean 0.682453973586 Standard Deviation 0.0210300344629
DT 70 [ 0.67908309  0.68481375  0.68481375  0.68481375  0.62464183  0.70200573
  0.6954023   0.70114943  0.67528736  0.69252874]
Mean 0.68732832724 Standard Deviation 0.0179054716119
DT 80 [ 0.6991404   0.68194842  0.67335244  0.6991404   0.64469914  0.6991404
  0.69252874  0.67528736  0.70114943  0.70689655]
Mean 0.693641932615 Standard Deviation 0.0164641047466
DT 90 [ 0.71346705  0.68194842  0.68194842  0.69340974  0.65616046  0.6991404
  0.69827586  0.69252874  0.70402299  0.71551724]
Mean 0.687037677436 Standard Deviation 0.0207400887994
DT 100 [ 0.72492837  0.68481375  0.67335244  0.67908309  0.64183381  0.70487106
  0.67816092  0.69252874  0.6954023   0.6954023 ]
Mean 0.689052465171 Standard Deviation 0.0193154475314
DT 110 [ 0.70773639  0.68481375  0.6991404   0.67908309  0.63610315  0.69054441
  0.69827586  0.6954023   0.70114943  0.69827586]
Mean 0.686757731449 Standard Deviation 0.018018318158
DT 120 [ 0.71633238  0.68481375  0.67335244  0.68481375  0.64469914  0.67908309
  0.6954023   0.6954023   0.69827586  0.6954023 ]
Mean 0.686469551757 Standard Deviation 0.0161809028666
DT 130 [ 0.70773639  0.68767908  0.67621777  0.68481375  0.64469914  0.68481375
  0.6954023   0.6954023   0.69827586  0.68965517]
Mean 0.686465434904 Standard Deviation 0.0192246903561
DT 140 [ 0.71060172  0.68767908  0.69340974  0.68194842  0.63610315  0.69054441
  0.70114943  0.67528736  0.69827586  0.68965517]
Best DT:  (0.69364193261535423, 90)
Number of samples, Number of features:  (3902, 43)
K: 18
Using Decision Trees
Mean 0.665822021116 Standard Deviation 0.0265712035875
DT 20 [ 0.64705882  0.64705882  0.67179487  0.64358974  0.66410256  0.66153846
  0.67692308  0.7025641   0.62564103  0.71794872]
Mean 0.684263230376 Standard Deviation 0.0257165056073
DT 30 [ 0.7084399   0.66496164  0.65641026  0.68461538  0.68205128  0.6974359
  0.7025641   0.70769231  0.62820513  0.71025641]
Mean 0.684787854941 Standard Deviation 0.0246036724763
DT 40 [ 0.66751918  0.65984655  0.67948718  0.68205128  0.69230769  0.71538462
  0.70512821  0.68974359  0.63589744  0.72051282]
Mean 0.692470981704 Standard Deviation 0.0276159453428
DT 50 [ 0.72122762  0.64194373  0.68461538  0.67435897  0.6974359   0.6974359
  0.70769231  0.71282051  0.65384615  0.73333333]
Mean 0.694776050889 Standard Deviation 0.0251213241192
DT 60 [ 0.71099744  0.66240409  0.69487179  0.68717949  0.7         0.67692308
  0.71025641  0.71282051  0.65128205  0.74102564]
Mean 0.700669552102 Standard Deviation 0.0189815823496
DT 70 [ 0.71099744  0.67774936  0.71025641  0.69487179  0.70512821  0.68717949
  0.71282051  0.71025641  0.66410256  0.73333333]
Mean 0.703482195554 Standard Deviation 0.0210201855281
DT 80 [ 0.7314578   0.68797954  0.69487179  0.68205128  0.69487179  0.70769231
  0.71025641  0.71538462  0.66923077  0.74102564]
Mean 0.70219817693 Standard Deviation 0.0190208738582
DT 90 [ 0.72634271  0.70076726  0.69230769  0.67435897  0.71025641  0.70769231
  0.7         0.71794872  0.66666667  0.72564103]
Mean 0.702452619844 Standard Deviation 0.0206254783919
DT 100 [ 0.7314578   0.70332481  0.69230769  0.67179487  0.6974359   0.72564103
  0.68974359  0.71538462  0.67179487  0.72564103]
Mean 0.698613679586 Standard Deviation 0.0190219015128
DT 110 [ 0.71099744  0.69565217  0.68974359  0.67435897  0.6974359   0.72564103
  0.68974359  0.70769231  0.66666667  0.72820513]
Mean 0.699127155879 Standard Deviation 0.0180125151418
DT 120 [ 0.71099744  0.69309463  0.68974359  0.69230769  0.70512821  0.7025641
  0.68461538  0.70769231  0.66666667  0.73846154]
Mean 0.701430257722 Standard Deviation 0.0226257724178
DT 130 [ 0.71611253  0.70588235  0.68717949  0.68974359  0.67692308  0.7
  0.7025641   0.70769231  0.67179487  0.75641026]
Mean 0.701175814808 Standard Deviation 0.021922619573
DT 140 [ 0.7084399   0.70588235  0.6974359   0.68974359  0.67692308  0.69487179
  0.7025641   0.70769231  0.67179487  0.75641026]
Best DT:  (0.70348219555380687, 80)
Number of samples, Number of features:  (4194, 42)
K: 17
Using Decision Trees
Mean 0.661421184225 Standard Deviation 0.0185141569704
DT 20 [ 0.6547619   0.68571429  0.62619048  0.67857143  0.65393795  0.64916468
  0.64439141  0.66348449  0.67064439  0.68735084]
Mean 0.680262529833 Standard Deviation 0.0198811044185
DT 30 [ 0.65714286  0.68571429  0.65952381  0.69761905  0.70405728  0.69689737
  0.65393795  0.65632458  0.70167064  0.68973747]
Mean 0.680499488578 Standard Deviation 0.015749182643
DT 40 [ 0.67857143  0.69047619  0.67142857  0.66666667  0.69689737  0.69928401
  0.65155131  0.66348449  0.69689737  0.68973747]
Mean 0.681687691783 Standard Deviation 0.0118527744669
DT 50 [ 0.68571429  0.68809524  0.67380952  0.68095238  0.6849642   0.69928401
  0.65393795  0.67303103  0.69212411  0.6849642 ]
Mean 0.686457551995 Standard Deviation 0.0125261022614
DT 60 [ 0.68333333  0.68333333  0.68809524  0.68809524  0.70405728  0.70167064
  0.65871122  0.67541766  0.6849642   0.69689737]
Mean 0.683103193545 Standard Deviation 0.0195490560098
DT 70 [ 0.69047619  0.70952381  0.6952381   0.70238095  0.6778043   0.68019093
  0.6372315   0.66825776  0.67541766  0.69451074]
Mean 0.682394022048 Standard Deviation 0.0112791787392
DT 80 [ 0.68571429  0.7047619   0.68571429  0.69285714  0.67303103  0.68257757
  0.66587112  0.66587112  0.68257757  0.6849642 ]
Mean 0.683350948971 Standard Deviation 0.0107783430462
DT 90 [ 0.68333333  0.69047619  0.68333333  0.70238095  0.67541766  0.68019093
  0.66587112  0.68019093  0.67303103  0.69928401]
Mean 0.686689396522 Standard Deviation 0.0140810543623
DT 100 [ 0.70714286  0.69761905  0.67619048  0.69047619  0.66825776  0.68257757
  0.66587112  0.69451074  0.6778043   0.70644391]
Mean 0.691932605978 Standard Deviation 0.0160357589372
DT 110 [ 0.69047619  0.69761905  0.69047619  0.72380952  0.67303103  0.68735084
  0.66825776  0.70883055  0.6778043   0.70167064]
Mean 0.690505739289 Standard Deviation 0.0115896118268
DT 120 [ 0.68333333  0.69761905  0.68809524  0.71190476  0.69689737  0.68257757
  0.67541766  0.70167064  0.67303103  0.69451074]
Mean 0.693362313899 Standard Deviation 0.0134017341237
DT 130 [ 0.71666667  0.69047619  0.69285714  0.71190476  0.69689737  0.68257757
  0.67303103  0.69451074  0.67541766  0.69928401]
Mean 0.697412205932 Standard Deviation 0.0151906563123
DT 140 [ 0.70952381  0.71428571  0.69285714  0.72619048  0.68257757  0.68735084
  0.68257757  0.68973747  0.68019093  0.70883055]
Best DT:  (0.69741220593249231, 140)
Number of samples, Number of features:  (4830, 41)
K: 16
Using Decision Trees
Mean 0.654865424431 Standard Deviation 0.0173481175309
DT 20 [ 0.64182195  0.65010352  0.67908903  0.63768116  0.65010352  0.66873706
  0.68322981  0.6252588   0.65217391  0.66045549]
Mean 0.671428571429 Standard Deviation 0.0159849922542
DT 30 [ 0.69979296  0.66459627  0.68115942  0.65424431  0.66045549  0.69151139
  0.68530021  0.66045549  0.66666667  0.65010352]
Mean 0.684472049689 Standard Deviation 0.0169519581702
DT 40 [ 0.69358178  0.66252588  0.68944099  0.69358178  0.65424431  0.68530021
  0.70393375  0.66873706  0.68322981  0.71014493]
Mean 0.67867494824 Standard Deviation 0.020004757481
DT 50 [ 0.67080745  0.66666667  0.66873706  0.68944099  0.66045549  0.69772257
  0.71221532  0.66459627  0.65010352  0.70600414]
Mean 0.686749482402 Standard Deviation 0.0157690054032
DT 60 [ 0.68322981  0.6873706   0.69358178  0.70393375  0.66459627  0.69772257
  0.68322981  0.67908903  0.66045549  0.71428571]
Mean 0.689440993789 Standard Deviation 0.0175434535522
DT 70 [ 0.6873706   0.67908903  0.69151139  0.69358178  0.68115942  0.72049689
  0.68115942  0.69979296  0.65217391  0.70807453]
Mean 0.689855072464 Standard Deviation 0.0141273060946
DT 80 [ 0.67908903  0.67494824  0.70600414  0.69151139  0.71428571  0.69151139
  0.67494824  0.68115942  0.67701863  0.70807453]
Mean 0.686128364389 Standard Deviation 0.0140786749482
DT 90 [ 0.68115942  0.67908903  0.69772257  0.69772257  0.70186335  0.67908903
  0.66252588  0.67701863  0.67494824  0.71014493]
Mean 0.691304347826 Standard Deviation 0.0120528195262
DT 100 [ 0.68944099  0.68322981  0.69151139  0.69565217  0.71221532  0.68322981
  0.70393375  0.67701863  0.67287785  0.70393375]
Mean 0.690683229814 Standard Deviation 0.0175727496264
DT 110 [ 0.6873706   0.68530021  0.69151139  0.70807453  0.70807453  0.6873706
  0.70393375  0.67908903  0.64803313  0.70807453]
Mean 0.691925465839 Standard Deviation 0.0184671661457
DT 120 [ 0.68115942  0.68530021  0.69151139  0.69979296  0.70807453  0.70393375
  0.70393375  0.69151139  0.64389234  0.71014493]
Mean 0.694409937888 Standard Deviation 0.0133600544968
DT 130 [ 0.68944099  0.68530021  0.70186335  0.69979296  0.70393375  0.70807453
  0.69979296  0.68530021  0.66252588  0.70807453]
Mean 0.691925465839 Standard Deviation 0.014367993021
DT 140 [ 0.67908903  0.68530021  0.69565217  0.69979296  0.70393375  0.70807453
  0.69979296  0.68530021  0.65838509  0.70393375]
Best DT:  (0.69440993788819871, 130)
Number of samples, Number of features:  (5332, 40)
K: 15
Using Decision Trees
Mean 0.644224269382 Standard Deviation 0.0260671712429
DT 20 [ 0.63670412  0.64794007  0.62664165  0.62101313  0.66041276  0.63977486
  0.70356473  0.66791745  0.60787992  0.630394  ]
Mean 0.651159081167 Standard Deviation 0.0272703701324
DT 30 [ 0.67228464  0.64981273  0.6435272   0.60600375  0.66604128  0.64540338
  0.70731707  0.66791745  0.62664165  0.62664165]
Mean 0.663726978238 Standard Deviation 0.0175466596282
DT 40 [ 0.66666667  0.66853933  0.63789869  0.63414634  0.68105066  0.66228893
  0.69230769  0.66979362  0.64915572  0.67542214]
Mean 0.674042765492 Standard Deviation 0.0214937492863
DT 50 [ 0.66292135  0.68913858  0.62664165  0.66604128  0.68667917  0.69230769
  0.70731707  0.67166979  0.65666041  0.68105066]
Mean 0.68473167921 Standard Deviation 0.0234631173161
DT 60 [ 0.67790262  0.70224719  0.65478424  0.65666041  0.68667917  0.69230769
  0.71669794  0.66228893  0.67166979  0.7260788 ]
Mean 0.683600002811 Standard Deviation 0.0235636500404
DT 70 [ 0.68913858  0.72284644  0.63977486  0.65478424  0.68855535  0.68105066
  0.71482176  0.67166979  0.68105066  0.69230769]
Mean 0.68604113526 Standard Deviation 0.0260115470548
DT 80 [ 0.67602996  0.7247191   0.630394    0.67917448  0.68667917  0.68855535
  0.72983114  0.67729831  0.68105066  0.68667917]
Mean 0.691858324374 Standard Deviation 0.0233116667881
DT 90 [ 0.66853933  0.72659176  0.65666041  0.67729831  0.69043152  0.69981238
  0.72983114  0.66979362  0.69230769  0.70731707]
Mean 0.69073156678 Standard Deviation 0.0230794587044
DT 100 [ 0.67228464  0.72846442  0.64540338  0.67729831  0.69230769  0.69981238
  0.72420263  0.68105066  0.69043152  0.69606004]
Mean 0.689982503109 Standard Deviation 0.0214908916792
DT 110 [ 0.66479401  0.72846442  0.65666041  0.67354597  0.69043152  0.69043152
  0.72045028  0.68105066  0.69981238  0.69418386]
Mean 0.688104573786 Standard Deviation 0.0212513566813
DT 120 [ 0.67602996  0.72659176  0.65478424  0.66791745  0.68667917  0.684803
  0.72232645  0.67917448  0.69793621  0.684803  ]
Mean 0.687167892854 Standard Deviation 0.0240422610144
DT 130 [ 0.66666667  0.72846442  0.65478424  0.66228893  0.68667917  0.67917448
  0.72232645  0.66979362  0.69793621  0.70356473]
Mean 0.689045822178 Standard Deviation 0.0235517538569
DT 140 [ 0.66104869  0.7247191   0.65478424  0.684803    0.68105066  0.68105066
  0.72420263  0.66979362  0.69793621  0.71106942]
Best DT:  (0.69185832437408223, 90)
Number of samples, Number of features:  (6028, 39)
K: 14
Using Decision Trees
Mean 0.655767673262 Standard Deviation 0.0204892552676
DT 20 [ 0.6252073   0.63681592  0.69154229  0.67827529  0.66169154  0.67661692
  0.66003317  0.64842454  0.6345515   0.64451827]
Mean 0.662735877644 Standard Deviation 0.0204330487078
DT 30 [ 0.63515755  0.63681592  0.68988391  0.68988391  0.65339967  0.67993367
  0.66666667  0.67827529  0.63787375  0.65946844]
Mean 0.672031316287 Standard Deviation 0.018369922131
DT 40 [ 0.64676617  0.64344942  0.68656716  0.69485904  0.66003317  0.68490879
  0.67993367  0.67495854  0.65448505  0.69435216]
Mean 0.674020539605 Standard Deviation 0.0145211303528
DT 50 [ 0.66500829  0.65505804  0.65671642  0.68159204  0.68159204  0.68822554
  0.69485904  0.67330017  0.65448505  0.68936877]
Mean 0.675013911616 Standard Deviation 0.0177692764906
DT 60 [ 0.65339967  0.65837479  0.66003317  0.68325041  0.68490879  0.69817579
  0.69983416  0.67827529  0.64784053  0.68604651]
Mean 0.682478802003 Standard Deviation 0.0132382663395
DT 70 [ 0.66003317  0.66998342  0.68656716  0.68490879  0.69817579  0.70646766
  0.69154229  0.67993367  0.67275748  0.6744186 ]
Mean 0.679825677812 Standard Deviation 0.0173463405703
DT 80 [ 0.65008292  0.66666667  0.68988391  0.67993367  0.70315091  0.70480929
  0.69485904  0.66003317  0.67607973  0.67275748]
Mean 0.679992892679 Standard Deviation 0.018539995281
DT 90 [ 0.63681592  0.66500829  0.68822554  0.69651741  0.69651741  0.69817579
  0.69485904  0.66666667  0.67774086  0.67940199]
Mean 0.681983493386 Standard Deviation 0.0176545023896
DT 100 [ 0.64510779  0.66666667  0.70480929  0.69485904  0.68325041  0.69817579
  0.69983416  0.66666667  0.67774086  0.68272425]
Mean 0.68563522366 Standard Deviation 0.0201164103851
DT 110 [ 0.6384743   0.67495854  0.70149254  0.69651741  0.68325041  0.69817579
  0.70978441  0.67330017  0.67607973  0.70431894]
Mean 0.685969377917 Standard Deviation 0.0197167075194
DT 120 [ 0.64510779  0.66500829  0.70149254  0.68988391  0.68325041  0.69983416
  0.71144279  0.66832504  0.6910299   0.70431894]
Mean 0.688453634375 Standard Deviation 0.0176962724083
DT 130 [ 0.66998342  0.69320066  0.69154229  0.70149254  0.70646766  0.70315091
  0.69320066  0.65008292  0.67109635  0.70431894]
Mean 0.685801336617 Standard Deviation 0.0174980809536
DT 140 [ 0.65339967  0.69320066  0.69320066  0.69651741  0.67330017  0.70315091
  0.69651741  0.66666667  0.67109635  0.71096346]
Best DT:  (0.68845363437518936, 130)
Number of samples, Number of features:  (6912, 38)
K: 13
Using Decision Trees
Mean 0.64105698368 Standard Deviation 0.0162284215605
DT 20 [ 0.65317919  0.64306358  0.60926194  0.66859624  0.64399421  0.64109986
  0.64399421  0.62952243  0.65557164  0.62228654]
Mean 0.656250052282 Standard Deviation 0.020104290197
DT 30 [ 0.6632948   0.64884393  0.61070912  0.67872648  0.66570188  0.64978292
  0.67004342  0.64399421  0.6845152   0.64688857]
Mean 0.661167529676 Standard Deviation 0.0159871045727
DT 40 [ 0.69075145  0.6416185   0.64688857  0.67583213  0.66136035  0.65991317
  0.65557164  0.64399421  0.68306802  0.65267728]
Mean 0.672312682466 Standard Deviation 0.0135008359277
DT 50 [ 0.66618497  0.65317919  0.66280753  0.67872648  0.68017366  0.66859624
  0.69609262  0.66136035  0.69319826  0.66280753]
Mean 0.671008130965 Standard Deviation 0.021343951123
DT 60 [ 0.68786127  0.64595376  0.64833575  0.69464544  0.64978292  0.67872648
  0.6975398   0.65557164  0.69898698  0.65267728]
Mean 0.666953104741 Standard Deviation 0.0184016528876
DT 70 [ 0.70086705  0.65317919  0.64544139  0.68306802  0.6512301   0.67438495
  0.67872648  0.64254703  0.68162084  0.65846599]
Mean 0.669414980384 Standard Deviation 0.0171533957524
DT 80 [ 0.69075145  0.6517341   0.64688857  0.67872648  0.64688857  0.67583213
  0.68162084  0.65412446  0.69464544  0.67293777]
Mean 0.671730046929 Standard Deviation 0.0159225256203
DT 90 [ 0.69219653  0.65317919  0.65267728  0.67727931  0.65412446  0.67149059
  0.69175109  0.65991317  0.69464544  0.67004342]
Mean 0.673319224045 Standard Deviation 0.0193419315053
DT 100 [ 0.69942197  0.66473988  0.64833575  0.67583213  0.64978292  0.67149059
  0.69609262  0.65412446  0.70332851  0.67004342]
Mean 0.674621265988 Standard Deviation 0.018393381385
DT 110 [ 0.70375723  0.6632948   0.65557164  0.68162084  0.65701881  0.67293777
  0.69609262  0.6512301   0.69898698  0.66570188]
Mean 0.674186276068 Standard Deviation 0.016226545012
DT 120 [ 0.70375723  0.66907514  0.65557164  0.6845152   0.66570188  0.68017366
  0.68017366  0.6512301   0.69319826  0.65846599]
Mean 0.678380373589 Standard Deviation 0.0190660049185
DT 130 [ 0.71387283  0.67774566  0.66136035  0.68017366  0.67149059  0.68306802
  0.68740955  0.64254703  0.70043415  0.66570188]
Mean 0.680551349724 Standard Deviation 0.0166196884989
DT 140 [ 0.71242775  0.67774566  0.66136035  0.68596237  0.67727931  0.68596237
  0.6845152   0.65557164  0.70043415  0.6642547 ]
Best DT:  (0.68055134972353049, 140)
Number of samples, Number of features:  (7874, 37)
K: 12
Using Decision Trees
Mean 0.639947529331 Standard Deviation 0.019005136951
DT 20 [ 0.68147208  0.64213198  0.65609137  0.63324873  0.6454892   0.63151207
  0.63659466  0.63405337  0.60228717  0.63659466]
Mean 0.660015383226 Standard Deviation 0.0128495992204
DT 30 [ 0.69162437  0.65736041  0.65482234  0.6751269   0.65057179  0.65057179
  0.66200762  0.65819568  0.64930114  0.65057179]
Mean 0.672586413741 Standard Deviation 0.0147416074071
DT 40 [ 0.69670051  0.67766497  0.68908629  0.68147208  0.65184244  0.65438374
  0.66454892  0.6772554   0.67852605  0.65438374]
Mean 0.673985739072 Standard Deviation 0.0144126799125
DT 50 [ 0.69543147  0.67385787  0.69923858  0.66370558  0.66200762  0.65692503
  0.66454892  0.68996188  0.66709022  0.66709022]
Mean 0.676270486781 Standard Deviation 0.0162950913472
DT 60 [ 0.70558376  0.68020305  0.68781726  0.67766497  0.64421855  0.65692503
  0.67344346  0.68360864  0.66709022  0.68614994]
Mean 0.68592289682 Standard Deviation 0.0162247668987
DT 70 [ 0.69923858  0.68527919  0.72461929  0.67766497  0.6747141   0.66073698
  0.69250318  0.6772554   0.68360864  0.68360864]
Mean 0.686048671625 Standard Deviation 0.019105459683
DT 80 [ 0.70812183  0.6751269   0.71700508  0.69670051  0.66836086  0.6480305
  0.69631512  0.67598475  0.68869123  0.68614994]
Mean 0.681223756603 Standard Deviation 0.0193642874241
DT 90 [ 0.70812183  0.67005076  0.71700508  0.67385787  0.66836086  0.6480305
  0.69377382  0.66963151  0.68360864  0.6797967 ]
Mean 0.677159134153 Standard Deviation 0.0167499298791
DT 100 [ 0.68781726  0.67385787  0.71573604  0.68020305  0.66073698  0.65057179
  0.6772554   0.66709022  0.68614994  0.67217281]
Mean 0.678682460542 Standard Deviation 0.0167576457769
DT 110 [ 0.6928934   0.67893401  0.70939086  0.68781726  0.65438374  0.65057179
  0.6772554   0.67344346  0.68996188  0.67217281]
Mean 0.682874631544 Standard Deviation 0.0146792379642
DT 120 [ 0.70177665  0.67385787  0.70685279  0.69416244  0.66963151  0.65946633
  0.66836086  0.67852605  0.68614994  0.68996188]
Mean 0.682494082134 Standard Deviation 0.0149551671752
DT 130 [ 0.69416244  0.67893401  0.70685279  0.69162437  0.66327827  0.65438374
  0.6747141   0.68233799  0.68233799  0.69631512]
Mean 0.680587948839 Standard Deviation 0.0140230190574
DT 140 [ 0.69670051  0.67766497  0.70685279  0.69162437  0.66709022  0.65692503
  0.66963151  0.6772554   0.67852605  0.68360864]
Best DT:  (0.68604867162455885, 80)
Number of samples, Number of features:  (9488, 36)
K: 11
Using Decision Trees
Mean 0.658729486513 Standard Deviation 0.0172058166196
DT 20 [ 0.63856691  0.67123288  0.64383562  0.64278188  0.66385669  0.65437302
  0.65648051  0.67334036  0.69725738  0.64556962]
Mean 0.671586569029 Standard Deviation 0.0177244461449
DT 30 [ 0.66701791  0.69863014  0.64278188  0.65015806  0.66280295  0.67123288
  0.68598525  0.68071654  0.69620253  0.66033755]
Mean 0.679912121576 Standard Deviation 0.0134624602636
DT 40 [ 0.67860906  0.69863014  0.64910432  0.67123288  0.67334036  0.68071654
  0.68282403  0.69863014  0.68037975  0.68565401]
Mean 0.682334836137 Standard Deviation 0.0148074978192
DT 50 [ 0.67123288  0.68598525  0.65015806  0.67334036  0.70073762  0.69020021
  0.69968388  0.69441517  0.68459916  0.67299578]
Mean 0.685496947709 Standard Deviation 0.0190176842506
DT 60 [ 0.6691254   0.68071654  0.65648051  0.66280295  0.71548999  0.68914647
  0.70179136  0.71338251  0.6835443   0.68248945]
Mean 0.688130743888 Standard Deviation 0.0162432651372
DT 70 [ 0.69125395  0.68809273  0.65858799  0.67228662  0.71654373  0.69230769
  0.69020021  0.71127503  0.6835443   0.67721519]
Mean 0.690028144216 Standard Deviation 0.0158999629237
DT 80 [ 0.68703899  0.69441517  0.65648051  0.68914647  0.71865121  0.69020021
  0.68914647  0.7081138   0.69198312  0.67510549]
Mean 0.686551688875 Standard Deviation 0.0162334855893
DT 90 [ 0.67650158  0.68282403  0.65753425  0.68598525  0.71548999  0.68177028
  0.68071654  0.70916754  0.69936709  0.67616034]
Mean 0.689923770525 Standard Deviation 0.0147729114642
DT 100 [ 0.68809273  0.68809273  0.67123288  0.67334036  0.71865121  0.68177028
  0.68703899  0.71443625  0.69303797  0.6835443 ]
Mean 0.689607981753 Standard Deviation 0.0160157215888
DT 110 [ 0.69336143  0.69652266  0.67228662  0.66069547  0.71338251  0.68071654
  0.68387777  0.71548999  0.69303797  0.68670886]
Mean 0.689081000209 Standard Deviation 0.0143693410796
DT 120 [ 0.68703899  0.69441517  0.66174921  0.67017914  0.71338251  0.68703899
  0.69125395  0.70706006  0.69092827  0.68776371]
Mean 0.689291637211 Standard Deviation 0.0142391851635
DT 130 [ 0.69230769  0.69441517  0.65858799  0.6743941   0.70600632  0.68071654
  0.70179136  0.70706006  0.68987342  0.68776371]
Mean 0.690767318919 Standard Deviation 0.0117437753516
DT 140 [ 0.69336143  0.69336143  0.66807165  0.67544784  0.70916754  0.68387777
  0.70179136  0.70073762  0.68881857  0.69303797]
Best DT:  (0.69076731891887078, 140)
Number of samples, Number of features:  (10894, 35)
K: 10
Using Decision Trees
Mean 0.633012106048 Standard Deviation 0.0127803187444
DT 20 [ 0.62018349  0.62201835  0.61834862  0.63761468  0.63728191  0.64279155
  0.63820018  0.65013774  0.65013774  0.6134068 ]
Mean 0.647607855031 Standard Deviation 0.0118263172437
DT 30 [ 0.63577982  0.6440367   0.62752294  0.64311927  0.640955    0.6584022
  0.64646465  0.67033976  0.65013774  0.65932048]
Mean 0.657794289854 Standard Deviation 0.00849819570651
DT 40 [ 0.6559633   0.66513761  0.64220183  0.65688073  0.64921947  0.65564738
  0.65472911  0.67493113  0.66391185  0.65932048]
Mean 0.66697416197 Standard Deviation 0.00868593876565
DT 50 [ 0.66055046  0.67522936  0.6559633   0.65963303  0.67217631  0.67493113
  0.67309458  0.66850321  0.65197429  0.67768595]
Mean 0.671105129696 Standard Deviation 0.0096709009007
DT 60 [ 0.66880734  0.67889908  0.65504587  0.66238532  0.65748393  0.67217631
  0.67401286  0.68595041  0.67493113  0.68135904]
Mean 0.671931828712 Standard Deviation 0.0105212873609
DT 70 [ 0.66880734  0.68073394  0.65688073  0.6559633   0.66666667  0.68044077
  0.66391185  0.68778696  0.6758494   0.68227732]
Mean 0.672114472498 Standard Deviation 0.0106597517399
DT 80 [ 0.6587156   0.67889908  0.65779817  0.67798165  0.66942149  0.67768595
  0.65564738  0.68595041  0.67401286  0.68503214]
Mean 0.669637661014 Standard Deviation 0.011774162788
DT 90 [ 0.65137615  0.66422018  0.6587156   0.67155963  0.66115702  0.67676768
  0.66299357  0.68870523  0.67217631  0.68870523]
Mean 0.674959604384 Standard Deviation 0.00929789952336
DT 100 [ 0.67889908  0.67798165  0.66513761  0.66788991  0.66299357  0.67217631
  0.66574839  0.69146006  0.6795225   0.68778696]
Mean 0.675325144691 Standard Deviation 0.0100471615525
DT 110 [ 0.67889908  0.6853211   0.6733945   0.67155963  0.66299357  0.66758494
  0.66391185  0.69421488  0.66850321  0.68686869]
Mean 0.671471343965 Standard Deviation 0.0107390556772
DT 120 [ 0.65504587  0.67522936  0.6733945   0.6733945   0.6584022   0.67309458
  0.66115702  0.69054178  0.66850321  0.68595041]
Mean 0.671562244631 Standard Deviation 0.0119923454112
DT 130 [ 0.66422018  0.66513761  0.67889908  0.67889908  0.65381084  0.67033976
  0.65197429  0.68778696  0.67768595  0.68686869]
Mean 0.675232474874 Standard Deviation 0.0108544034151
DT 140 [ 0.67614679  0.68899083  0.67889908  0.67431193  0.65381084  0.67125803
  0.66115702  0.68595041  0.67309458  0.68870523]
Best DT:  (0.67532514469128324, 110)
Number of samples, Number of features:  (12728, 34)
K: 9
Using Decision Trees
Mean 0.635604932142 Standard Deviation 0.0170443886438
DT 20 [ 0.6410055   0.63472113  0.66300079  0.60329929  0.65593087  0.63000786
  0.64257659  0.63472113  0.61163522  0.63915094]
Mean 0.653518158957 Standard Deviation 0.0131246638058
DT 30 [ 0.66457188  0.65671642  0.67242734  0.62843676  0.65907306  0.65278869
  0.65278869  0.66221524  0.63128931  0.65487421]
Mean 0.657446568053 Standard Deviation 0.0122184162727
DT 40 [ 0.66378633  0.66614297  0.67478397  0.6496465   0.65907306  0.6496465
  0.64886096  0.66771406  0.63050314  0.66430818]
Mean 0.6615317158 Standard Deviation 0.0161274841522
DT 50 [ 0.65278869  0.67635507  0.68735271  0.64257659  0.67321288  0.65750196
  0.65593087  0.67085625  0.63050314  0.66823899]
Mean 0.663417890686 Standard Deviation 0.0148416317098
DT 60 [ 0.66300079  0.6700707   0.69599372  0.64021995  0.67321288  0.6512176
  0.66300079  0.66771406  0.64622642  0.66352201]
Mean 0.671037254146 Standard Deviation 0.0129842761725
DT 70 [ 0.67242734  0.6787117   0.68342498  0.66771406  0.68735271  0.66300079
  0.6700707   0.68342498  0.64072327  0.66352201]
Mean 0.671744369019 Standard Deviation 0.0142160896959
DT 80 [ 0.66614297  0.68342498  0.67164179  0.66771406  0.69206599  0.66378633
  0.67242734  0.69442262  0.64465409  0.66116352]
Mean 0.676223957175 Standard Deviation 0.0121701456771
DT 90 [ 0.67399843  0.69206599  0.68578162  0.66378633  0.6802828   0.67242734
  0.67164179  0.69128044  0.65015723  0.68081761]
Mean 0.676067589066 Standard Deviation 0.011818132906
DT 100 [ 0.67242734  0.68185389  0.68656716  0.66221524  0.68499607  0.66849961
  0.67321288  0.69049489  0.65251572  0.68789308]
Mean 0.675754420549 Standard Deviation 0.00912341614615
DT 110 [ 0.6700707   0.6787117   0.68656716  0.66221524  0.68342498  0.66928515
  0.67085625  0.68263943  0.66430818  0.68946541]
Mean 0.675596817304 Standard Deviation 0.0116418401603
DT 120 [ 0.6700707   0.67714061  0.68735271  0.66142969  0.68421053  0.66614297
  0.66457188  0.69756481  0.66352201  0.68396226]
Mean 0.677324833133 Standard Deviation 0.0119551526283
DT 130 [ 0.66614297  0.67949725  0.68813826  0.66300079  0.6889238   0.66849961
  0.67242734  0.70149254  0.66509434  0.68003145]
Mean 0.677795543138 Standard Deviation 0.0121203455956
DT 140 [ 0.66771406  0.67949725  0.68970935  0.6700707   0.69285153  0.66849961
  0.67242734  0.69992145  0.65959119  0.67767296]
Best DT:  (0.67779554313833013, 140)
Number of samples, Number of features:  (15440, 33)
K: 8
Using Decision Trees
Mean 0.625777202073 Standard Deviation 0.00913097593191
DT 20 [ 0.63082902  0.62694301  0.61528497  0.63341969  0.6107513   0.63406736
  0.63018135  0.61593264  0.62046632  0.63989637]
Mean 0.639183937824 Standard Deviation 0.0115621053473
DT 30 [ 0.64378238  0.65479275  0.61593264  0.6392487   0.64896373  0.63795337
  0.64313472  0.63665803  0.62176166  0.6496114 ]
Mean 0.64481865285 Standard Deviation 0.00921511731183
DT 40 [ 0.65284974  0.6515544   0.63277202  0.64248705  0.65284974  0.64378238
  0.65673575  0.62694301  0.63860104  0.6496114 ]
Mean 0.649287564767 Standard Deviation 0.0098703048278
DT 50 [ 0.64248705  0.65608808  0.63212435  0.64572539  0.65803109  0.65349741
  0.66126943  0.64248705  0.63860104  0.66256477]
Mean 0.652266839378 Standard Deviation 0.0118487919061
DT 60 [ 0.65932642  0.65544041  0.63082902  0.6496114   0.64507772  0.67033679
  0.67098446  0.64248705  0.65349741  0.64507772]
Mean 0.661075129534 Standard Deviation 0.0128951086235
DT 70 [ 0.66904145  0.67357513  0.65090674  0.65544041  0.6496114   0.6761658
  0.67810881  0.63989637  0.64896373  0.66904145]
Mean 0.665544041451 Standard Deviation 0.0112857959896
DT 80 [ 0.67163212  0.68782383  0.65932642  0.6619171   0.65220207  0.67033679
  0.66968912  0.65608808  0.6496114   0.67681347]
Mean 0.670660621762 Standard Deviation 0.0122724188634
DT 90 [ 0.6742228   0.69041451  0.65932642  0.65932642  0.65997409  0.68329016
  0.67163212  0.66904145  0.65284974  0.6865285 ]
Mean 0.668523316062 Standard Deviation 0.0126909956574
DT 100 [ 0.6742228   0.68911917  0.65025907  0.65025907  0.65867876  0.67875648
  0.67033679  0.66774611  0.6619171   0.68393782]
Mean 0.671955958549 Standard Deviation 0.0120794930381
DT 110 [ 0.67292746  0.69559585  0.65090674  0.66062176  0.67357513  0.67875648
  0.67940415  0.66515544  0.6619171   0.68069948]
Mean 0.676360103627 Standard Deviation 0.0128069771972
DT 120 [ 0.67487047  0.69818653  0.6619171   0.66062176  0.6761658   0.67292746
  0.68005181  0.67227979  0.66645078  0.70012953]
Mean 0.676295336788 Standard Deviation 0.0121954427937
DT 130 [ 0.67292746  0.69753886  0.66515544  0.66126943  0.66968912  0.6742228
  0.68005181  0.67487047  0.66774611  0.69948187]
Mean 0.675777202073 Standard Deviation 0.0121968185558
DT 140 [ 0.66256477  0.69430052  0.66126943  0.6619171   0.67292746  0.67746114
  0.68588083  0.68069948  0.66645078  0.69430052]
Best DT:  (0.6763601036269431, 120)
Number of samples, Number of features:  (18896, 32)
K: 7
Using Decision Trees
Mean 0.63187916117 Standard Deviation 0.0097688652701
DT 20 [ 0.64021164  0.63492063  0.62222222  0.63862434  0.61798942  0.64867725
  0.62890418  0.61672843  0.63578613  0.63472737]
Mean 0.644528024962 Standard Deviation 0.00824522705237
DT 30 [ 0.65714286  0.63492063  0.63703704  0.63597884  0.64603175  0.65449735
  0.64319746  0.63525675  0.65484383  0.64637374]
Mean 0.652994697791 Standard Deviation 0.0129188126284
DT 40 [ 0.65873016  0.66402116  0.64021164  0.65238095  0.64550265  0.66931217
  0.66013764  0.63208047  0.67019587  0.63737427]
Mean 0.656857411749 Standard Deviation 0.0119185257892
DT 50 [ 0.66984127  0.66084656  0.64285714  0.66931217  0.65608466  0.66455026
  0.64425622  0.64055056  0.67390154  0.64637374]
Mean 0.66241512404 Standard Deviation 0.0110659698119
DT 60 [ 0.67671958  0.65343915  0.65396825  0.67354497  0.65820106  0.66243386
  0.65484383  0.64319746  0.67813658  0.66966649]
Mean 0.664637374272 Standard Deviation 0.00950713617936
DT 70 [ 0.68465608  0.66402116  0.65873016  0.67195767  0.65873016  0.66190476
  0.66225516  0.64690312  0.67178401  0.66543145]
Mean 0.666331280233 Standard Deviation 0.00850270104055
DT 80 [ 0.67566138  0.66772487  0.65449735  0.67619048  0.65661376  0.67142857
  0.66913711  0.65113817  0.67178401  0.66913711]
Mean 0.667918805897 Standard Deviation 0.00956946357677
DT 90 [ 0.68730159  0.66613757  0.65396825  0.67354497  0.66296296  0.66984127
  0.66543145  0.65484383  0.67813658  0.66701959]
Mean 0.670829110893 Standard Deviation 0.00926835447177
DT 100 [ 0.68888889  0.66349206  0.66084656  0.68412698  0.66402116  0.67671958
  0.66543145  0.66331392  0.6749603   0.66649021]
Mean 0.670935687256 Standard Deviation 0.0106253903852
DT 110 [ 0.68253968  0.65343915  0.65555556  0.68518519  0.66666667  0.68148148
  0.67337215  0.66172578  0.67443092  0.6749603 ]
Mean 0.671782136065 Standard Deviation 0.0117785795438
DT 120 [ 0.69153439  0.65291005  0.65661376  0.68518519  0.66825397  0.68095238
  0.67919534  0.66331392  0.66913711  0.67072525]
Mean 0.672364118637 Standard Deviation 0.0116632324349
DT 130 [ 0.69153439  0.65396825  0.66137566  0.68412698  0.66878307  0.68201058
  0.67866596  0.65696136  0.67072525  0.67548968]
Mean 0.670247604483 Standard Deviation 0.0121620969425
DT 140 [ 0.68835979  0.65238095  0.66402116  0.68306878  0.65714286  0.67777778
  0.67601906  0.65272631  0.67390154  0.67707782]
Best DT:  (0.67236411863727918, 130)
Number of samples, Number of features:  (24230, 31)
K: 6
Using Decision Trees
Mean 0.618159306645 Standard Deviation 0.00742376129816
DT 20 [ 0.60998762  0.61205118  0.61494016  0.61246389  0.63144862  0.62278168
  0.62484523  0.62113083  0.62443252  0.60751135]
Mean 0.628972348329 Standard Deviation 0.0106091747507
DT 30 [ 0.61906727  0.62608337  0.62319439  0.62608337  0.63887742  0.62979777
  0.64341725  0.63887742  0.63763929  0.60668593]
Mean 0.6352042922 Standard Deviation 0.012962624167
DT 40 [ 0.62195625  0.62979777  0.63227404  0.62071812  0.64176641  0.65621131
  0.64259183  0.64671894  0.64630623  0.61370202]
Mean 0.640940982253 Standard Deviation 0.0139408549352
DT 50 [ 0.63557573  0.62484523  0.64052827  0.62030541  0.65786215  0.65827487
  0.64548081  0.65373504  0.65084606  0.62195625]
Mean 0.64647131655 Standard Deviation 0.0124570528964
DT 60 [ 0.64836979  0.62855964  0.64052827  0.63392489  0.66487825  0.66033842
  0.64919521  0.65456046  0.65621131  0.62814693]
Mean 0.649484110607 Standard Deviation 0.011097336059
DT 70 [ 0.64671894  0.6343376   0.64259183  0.64424267  0.66240198  0.6665291
  0.65125877  0.65786215  0.65744944  0.63144862]
Mean 0.650474618242 Standard Deviation 0.0107470744077
DT 80 [ 0.65456046  0.63846471  0.6487825   0.64754437  0.66817994  0.659513
  0.65002064  0.65332233  0.65703673  0.6273215 ]
Mean 0.653776310359 Standard Deviation 0.010099970763
DT 90 [ 0.6557986   0.64011556  0.66033842  0.65208419  0.66075113  0.66405283
  0.65290962  0.66116385  0.65992571  0.63062319]
Mean 0.653652496905 Standard Deviation 0.00982184039141
DT 100 [ 0.65125877  0.64176641  0.65827487  0.65373504  0.65538589  0.66983079
  0.659513    0.65456046  0.65992571  0.63227404]
Mean 0.656458935204 Standard Deviation 0.00922887915159
DT 110 [ 0.65125877  0.64094098  0.65538589  0.65744944  0.65786215  0.67313248
  0.66116385  0.66529096  0.659513    0.64259183]
Mean 0.655757325629 Standard Deviation 0.00847506888817
DT 120 [ 0.64919521  0.64300454  0.6524969   0.65621131  0.66116385  0.66817994
  0.65621131  0.66405283  0.66446554  0.64259183]
Mean 0.657408171688 Standard Deviation 0.0114201832694
DT 130 [ 0.6557986   0.64300454  0.65002064  0.65332233  0.66900537  0.67313248
  0.65456046  0.66281469  0.67354519  0.63887742]
Mean 0.657449442839 Standard Deviation 0.0119372837167
DT 140 [ 0.65786215  0.64052827  0.64465539  0.6524969   0.66735452  0.6739579
  0.66075113  0.66694181  0.6702435   0.63970285]
Best DT:  (0.65744944283945517, 140)
Number of samples, Number of features:  (32446, 30)
K: 5
Using Decision Trees
Mean 0.61973785906 Standard Deviation 0.0126621821132
DT 20 [ 0.61848998  0.62033898  0.63913713  0.62434515  0.58983051  0.61171032
  0.62916153  0.63070284  0.61374846  0.61991369]
Mean 0.630432411431 Standard Deviation 0.0084391096059
DT 30 [ 0.63266564  0.62804314  0.64006163  0.62249615  0.61972265  0.62958398
  0.63162762  0.64919852  0.62176326  0.62916153]
Mean 0.639555239114 Standard Deviation 0.00869714408718
DT 40 [ 0.63728814  0.62896764  0.64191063  0.64899846  0.62742681  0.64345146
  0.64580764  0.65505549  0.62977805  0.63686806]
Mean 0.638876978525 Standard Deviation 0.00913275351116
DT 50 [ 0.63728814  0.62311248  0.64869029  0.63882897  0.62804314  0.65485362
  0.64087546  0.64611591  0.63131936  0.63964242]
Mean 0.641681435349 Standard Deviation 0.00890564615503
DT 60 [ 0.6394453   0.63882897  0.64992296  0.6412943   0.63389831  0.65084746
  0.64765721  0.65474723  0.62330456  0.63686806]
Mean 0.645564826091 Standard Deviation 0.00902197908898
DT 70 [ 0.65023112  0.6348228   0.64530046  0.65485362  0.6375963   0.65423729
  0.64118372  0.66122072  0.63193588  0.64426634]
Mean 0.649232006369 Standard Deviation 0.0107293357758
DT 80 [ 0.65639445  0.63543914  0.65947612  0.65392912  0.64530046  0.66317411
  0.64210851  0.66307028  0.63378545  0.63964242]
Mean 0.649633021684 Standard Deviation 0.0074561270695
DT 90 [ 0.65238829  0.6357473   0.66101695  0.64961479  0.64714946  0.65885978
  0.64796547  0.65659679  0.64149199  0.64549938]
Mean 0.650927377603 Standard Deviation 0.00899541775536
DT 100 [ 0.65146379  0.63513097  0.66841294  0.65423729  0.64838213  0.65824345
  0.64549938  0.65906289  0.64334155  0.64549938]
Mean 0.652376282206 Standard Deviation 0.00750441065924
DT 110 [ 0.64992296  0.63882897  0.66040062  0.65238829  0.65023112  0.66163328
  0.64642417  0.66522811  0.64950678  0.64919852]
Mean 0.651482751611 Standard Deviation 0.00688299506157
DT 120 [ 0.65300462  0.63451464  0.65793529  0.65115562  0.6459168   0.65701079
  0.65289766  0.65998767  0.65289766  0.64950678]
Mean 0.652160603717 Standard Deviation 0.00748697680399
DT 130 [ 0.65454545  0.6357473   0.66070878  0.65392912  0.64838213  0.65670262
  0.64704069  0.66368681  0.6525894   0.64827374]
Mean 0.651728942754 Standard Deviation 0.00638477416636
DT 140 [ 0.65454545  0.63882897  0.66040062  0.65208012  0.64930663  0.65793529
  0.64549938  0.65967941  0.65043157  0.648582  ]
Best DT:  (0.65237628220595489, 110)
Number of samples, Number of features:  (46418, 29)
K: 4
Using Decision Trees
Mean 0.609763227201 Standard Deviation 0.00670490480136
DT 20 [ 0.60857389  0.60641965  0.61589832  0.61331323  0.59866437  0.61676002
  0.60835847  0.62063766  0.60008619  0.60892049]
Mean 0.622947705579 Standard Deviation 0.00568129079442
DT 30 [ 0.62710039  0.6156829   0.6307626   0.63119345  0.62537699  0.62322275
  0.62537699  0.61826799  0.61603103  0.61646197]
Mean 0.62803224561 Standard Deviation 0.00482257205529
DT 40 [ 0.63033175  0.62408445  0.62473072  0.63270142  0.61805256  0.63119345
  0.63614821  0.62623869  0.62852833  0.62831286]
Mean 0.633697967305 Standard Deviation 0.00589433904418
DT 50 [ 0.63765618  0.63205515  0.62623869  0.63377854  0.62537699  0.63937958
  0.64476519  0.63808703  0.62960569  0.63003663]
Mean 0.636476900109 Standard Deviation 0.00623962704027
DT 60 [ 0.64864283  0.63528651  0.63808703  0.63700991  0.63119345  0.63894873
  0.64110297  0.63679449  0.62314156  0.63456152]
Mean 0.640182487339 Standard Deviation 0.0058383057972
DT 70 [ 0.6501508   0.6404567   0.64174925  0.64088755  0.62947006  0.63981043
  0.64907368  0.63916415  0.63585434  0.63520793]
Mean 0.642918455952 Standard Deviation 0.0072658699471
DT 80 [ 0.65402844  0.64067212  0.6475657   0.64713486  0.62796209  0.64411891
  0.64282637  0.6501508   0.63413058  0.6405947 ]
Mean 0.645094288668 Standard Deviation 0.00757757471876
DT 90 [ 0.65704438  0.64562688  0.64971995  0.6501508   0.62925463  0.64713486
  0.64390349  0.65122792  0.63757811  0.63930187]
Mean 0.648067312299 Standard Deviation 0.00735805297539
DT 100 [ 0.66049117  0.64993537  0.64239552  0.65273589  0.63377854  0.65058165
  0.65187419  0.65424386  0.64188752  0.64274941]
Mean 0.647658052383 Standard Deviation 0.00735178825925
DT 110 [ 0.66135287  0.64498061  0.64239552  0.65682895  0.63485567  0.65338216
  0.6475657   0.6484274   0.64296488  0.64382676]
Mean 0.64888601316 Standard Deviation 0.00580282052275
DT 120 [ 0.6572598   0.64691943  0.64821198  0.65424386  0.64024128  0.65316674
  0.64605773  0.65402844  0.63865546  0.65007541]
Mean 0.650566397639 Standard Deviation 0.00720223878427
DT 130 [ 0.66716932  0.64670401  0.64778113  0.65661353  0.64282637  0.65445928
  0.64498061  0.65295131  0.642103    0.65007541]
Mean 0.650760200677 Standard Deviation 0.00838841581431
DT 140 [ 0.66716932  0.65230504  0.65208962  0.65962947  0.63937958  0.65208962
  0.64411891  0.65230504  0.63757811  0.6509373 ]
Best DT:  (0.65076020067656537, 140)
Number of samples, Number of features:  (73116, 28)
K: 3
Using Decision Trees
Mean 0.607418241659 Standard Deviation 0.00799322340786
DT 20 [ 0.61214442  0.59846827  0.59710066  0.60571663  0.61310175  0.62582057
  0.60949255  0.60087539  0.60443168  0.6070305 ]
Mean 0.618783757322 Standard Deviation 0.00660940001536
DT 30 [ 0.61775164  0.61337527  0.61132385  0.62212801  0.61816193  0.63676149
  0.61701546  0.61783614  0.61537409  0.6181097 ]
Mean 0.626032542687 Standard Deviation 0.0059098623722
DT 40 [ 0.62882932  0.62062363  0.61802516  0.62937637  0.62404267  0.639907
  0.62508549  0.62440159  0.6208453   0.62918889]
Mean 0.632228193511 Standard Deviation 0.00625677700734
DT 50 [ 0.63607768  0.62541028  0.6267779   0.63703501  0.62486324  0.64660832
  0.63028314  0.62959923  0.6312406   0.63438654]
Mean 0.633677983133 Standard Deviation 0.00523404546982
DT 60 [ 0.63525711  0.62964989  0.62746171  0.63429978  0.63252188  0.6434628
  0.62932567  0.62795787  0.64177267  0.63507044]
Mean 0.635866350261 Standard Deviation 0.00452581495673
DT 70 [ 0.63840263  0.62978665  0.63265864  0.63539387  0.63088074  0.64400985
  0.63110382  0.63712214  0.64149911  0.63780605]
Mean 0.636098833567 Standard Deviation 0.00574099469173
DT 80 [ 0.63347921  0.63115427  0.63156455  0.63703501  0.62992341  0.65112144
  0.6360279   0.63643824  0.63944741  0.63479688]
Mean 0.63786307921 Standard Deviation 0.00508195777088
DT 90 [ 0.63730853  0.63142779  0.63539387  0.63853939  0.6363512   0.65125821
  0.63780605  0.63575434  0.64081521  0.6339762 ]
Mean 0.641022408008 Standard Deviation 0.00492036338719
DT 100 [ 0.64127462  0.6356674   0.63771882  0.64127462  0.64236871  0.65344639
  0.64259335  0.63903707  0.64204623  0.63479688]
Mean 0.641637830962 Standard Deviation 0.00489514480244
DT 110 [ 0.64305252  0.6356674   0.63730853  0.64387309  0.64537746  0.65289934
  0.64177267  0.63698536  0.64177267  0.63766927]
Mean 0.641870291821 Standard Deviation 0.00435431478538
DT 120 [ 0.64318928  0.64018053  0.64072757  0.64305252  0.64510394  0.65071116
  0.63698536  0.63452332  0.64491862  0.63931063]
Mean 0.64247210784 Standard Deviation 0.00466731451792
DT 130 [ 0.63963348  0.64291575  0.64059081  0.64154814  0.64715536  0.6523523
  0.64026809  0.63411298  0.64532896  0.64081521]
Mean 0.644701572628 Standard Deviation 0.00493360495504
DT 140 [ 0.639907    0.6452407   0.6381291   0.64277899  0.65043764  0.65153173
  0.64464506  0.63807961  0.65175763  0.64450828]
Best DT:  (0.6447015726280384, 140)
Number of samples, Number of features:  (100000, 27)
K: 2
Using Decision Trees
Mean 0.64348 Standard Deviation 0.0041803827576
DT 20 [ 0.6426  0.6435  0.6395  0.6433  0.6525  0.6494  0.6394  0.6443  0.6391
  0.6412]
Mean 0.65364 Standard Deviation 0.00523835852152
DT 30 [ 0.6519  0.6537  0.6569  0.6538  0.6591  0.6602  0.6455  0.652   0.6442
  0.6591]
Mean 0.65927 Standard Deviation 0.00456180885176
DT 40 [ 0.6589  0.6548  0.6639  0.6618  0.6621  0.668   0.6568  0.6584  0.6514
  0.6566]
Mean 0.66256 Standard Deviation 0.00556492587552
DT 50 [ 0.6681  0.6593  0.6614  0.6603  0.6684  0.6726  0.6551  0.6619  0.6543
  0.6642]
Mean 0.66376 Standard Deviation 0.00460677761564
DT 60 [ 0.6637  0.665   0.6651  0.6644  0.6681  0.6736  0.6604  0.6576  0.6573
  0.6624]
Mean 0.6658 Standard Deviation 0.00443034987332
DT 70 [ 0.6684  0.6667  0.669   0.6664  0.6716  0.6711  0.6574  0.6603  0.6652
  0.6619]
Mean 0.66635 Standard Deviation 0.0033962479297
DT 80 [ 0.6711  0.6637  0.6675  0.6656  0.6672  0.6734  0.6637  0.6618  0.6653
  0.6642]
Mean 0.66795 Standard Deviation 0.00408221753463
DT 90 [ 0.6683  0.6692  0.6713  0.6649  0.6718  0.6765  0.6653  0.6647  0.6651
  0.6624]
Mean 0.66943 Standard Deviation 0.00442832925605
DT 100 [ 0.6703  0.6674  0.6766  0.665   0.6722  0.6775  0.6674  0.6674  0.6667
  0.6638]
Mean 0.66964 Standard Deviation 0.00453546028535
DT 110 [ 0.6691  0.6666  0.6767  0.6679  0.6726  0.6786  0.6652  0.6686  0.6656
  0.6655]
Mean 0.67106 Standard Deviation 0.00418860358592
DT 120 [ 0.6702  0.6665  0.6792  0.6692  0.6742  0.6777  0.6681  0.6679  0.6696
  0.668 ]
Mean 0.67171 Standard Deviation 0.00399310656006
DT 130 [ 0.6727  0.6644  0.6789  0.6714  0.6753  0.6759  0.6715  0.6684  0.669
  0.6696]
Mean 0.67192 Standard Deviation 0.00437145284774
DT 140 [ 0.6711  0.6659  0.6797  0.6731  0.6768  0.6771  0.6689  0.6703  0.6673
  0.669 ]
Best DT:  (0.67192000000000007, 140)
Number of samples, Number of features:  (100000, 26)
K: 1
Using Decision Trees
Mean 0.70459 Standard Deviation 0.00267112335919
DT 20 [ 0.7045  0.7041  0.7038  0.7077  0.7007  0.7035  0.7067  0.7022  0.7101
  0.7026]
Mean 0.71264 Standard Deviation 0.00347453594024
DT 30 [ 0.7163  0.7125  0.706   0.7131  0.7166  0.7119  0.7134  0.7091  0.7177
  0.7098]
Mean 0.71655 Standard Deviation 0.00463103660102
DT 40 [ 0.7198  0.7168  0.7113  0.7222  0.7129  0.7161  0.7241  0.7111  0.7202
  0.711 ]
Mean 0.7195 Standard Deviation 0.00373898381917
DT 50 [ 0.7256  0.7157  0.7178  0.7236  0.7163  0.7203  0.7203  0.7174  0.7241
  0.7139]
Mean 0.72073 Standard Deviation 0.00529434604083
DT 60 [ 0.7281  0.7179  0.7121  0.726   0.7185  0.7167  0.7248  0.7183  0.7282
  0.7167]
Mean 0.72326 Standard Deviation 0.00493238279131
DT 70 [ 0.729   0.7181  0.717   0.7274  0.7217  0.7175  0.7288  0.7206  0.7305
  0.722 ]
Mean 0.72521 Standard Deviation 0.00415077101272
DT 80 [ 0.731   0.7203  0.7191  0.73    0.7229  0.7236  0.7287  0.7219  0.73
  0.7246]
Mean 0.72653 Standard Deviation 0.00502176263876
DT 90 [ 0.733   0.7225  0.7191  0.7303  0.7259  0.7249  0.7302  0.719   0.7337
  0.7267]
Mean 0.72675 Standard Deviation 0.00518271164546
DT 100 [ 0.7335  0.7219  0.7218  0.7296  0.7262  0.7249  0.7321  0.7181  0.7343
  0.7251]
Mean 0.72645 Standard Deviation 0.00536325460891
DT 110 [ 0.733   0.721   0.721   0.7306  0.7258  0.7265  0.729   0.7182  0.7357
  0.7237]
Mean 0.72721 Standard Deviation 0.00461983765949
DT 120 [ 0.7334  0.7228  0.7228  0.7291  0.7264  0.7262  0.7293  0.72    0.7358
  0.7263]
Mean 0.72709 Standard Deviation 0.0044724601731
DT 130 [ 0.7335  0.7227  0.7209  0.7298  0.7259  0.7272  0.7294  0.7207  0.7339
  0.7269]
Mean 0.72737 Standard Deviation 0.00444950559051
DT 140 [ 0.7338  0.7223  0.721   0.7298  0.7273  0.7284  0.7285  0.721   0.7338
  0.7278]
Best DT:  (0.72737000000000018, 140)
