Number of samples, Number of features:  (300000, 26)
Number of samples, Number of features:  (300000, 26)
K: 7
Using Random Forests
Mean 0.70453 Standard Deviation 0.00168736810184
RF 40 5 [ 0.70343333  0.7053      0.70083333  0.7027      0.70616667  0.70536667
  0.70623333  0.70483333  0.7063      0.70413333]
Mean 0.699016666667 Standard Deviation 0.00153277163625
RF 40 10 [ 0.6992      0.7003      0.69616667  0.6981      0.70136667  0.69986667
  0.70043333  0.6971      0.69946667  0.69816667]
Mean 0.696613333333 Standard Deviation 0.00111516814876
RF 40 15 [ 0.6967      0.69663333  0.6966      0.69696667  0.69556667  0.6989
  0.69706667  0.69436667  0.69606667  0.69726667]
Mean 0.704936666667 Standard Deviation 0.00202195999521
RF 60 5 [ 0.70313333  0.7071      0.7007      0.70383333  0.70716667  0.7047
  0.70636667  0.70553333  0.70713333  0.7037    ]
Mean 0.699516666667 Standard Deviation 0.00141737237325
RF 60 10 [ 0.69836667  0.70126667  0.69706667  0.69923333  0.70103333  0.7007
  0.70073333  0.69743333  0.69983333  0.6995    ]
Mean 0.696966666667 Standard Deviation 0.00108269211793
RF 60 15 [ 0.69716667  0.69803333  0.69616667  0.6976      0.6965      0.6992
  0.69703333  0.69523333  0.69583333  0.6969    ]
Mean 0.705836666667 Standard Deviation 0.00218675050652
RF 80 5 [ 0.70326667  0.70896667  0.70176667  0.7045      0.70766667  0.70676667
  0.70713333  0.7065      0.70773333  0.70406667]
Mean 0.699873333333 Standard Deviation 0.00127059041394
RF 80 10 [ 0.70046667  0.7011      0.6972      0.69963333  0.70093333  0.70076667
  0.70076667  0.69783333  0.7003      0.69973333]
Mean 0.696756666667 Standard Deviation 0.00152184464092
RF 80 15 [ 0.69646667  0.6995      0.69566667  0.69716667  0.69606667  0.69883333
  0.69746667  0.69396667  0.6957      0.69673333]
Best DT:  (0.70583666666666667, (80, 5))
Number of samples, Number of features:  (300000, 26)
Number of samples, Number of features:  (300000, 26)
K: 15
Using Random Forests
Mean 0.719046666667 Standard Deviation 0.00149816183668
RF 40 5 [ 0.71886667  0.7173      0.72033333  0.7178      0.71693333  0.72173333
  0.7206      0.71783333  0.7193      0.71976667]
Mean 0.71589 Standard Deviation 0.00194165164515
RF 40 10 [ 0.71523333  0.71253333  0.71853333  0.7166      0.71663333  0.71886667
  0.717       0.71403333  0.7138      0.71566667]
Mean 0.71215 Standard Deviation 0.00166888186121
RF 40 15 [ 0.71136667  0.70926667  0.71433333  0.71213333  0.7119      0.71543333
  0.7131      0.7114      0.71086667  0.7117    ]
Mean 0.720013333333 Standard Deviation 0.00157269761168
RF 60 5 [ 0.72013333  0.71793333  0.7212      0.71933333  0.71836667  0.7233
  0.72093333  0.71806667  0.72053333  0.72033333]
Mean 0.71682 Standard Deviation 0.00200384075659
RF 60 10 [ 0.71676667  0.7126      0.71933333  0.71723333  0.7168      0.7197
  0.71836667  0.71633333  0.71463333  0.71643333]
Mean 0.712763333333 Standard Deviation 0.00188829435088
RF 60 15 [ 0.71243333  0.70966667  0.71596667  0.7117      0.71296667  0.71563333
  0.71386667  0.71203333  0.71063333  0.71273333]
Mean 0.72057 Standard Deviation 0.00194087322844
RF 80 5 [ 0.72056667  0.7178      0.72136667  0.7185      0.7201      0.72406667
  0.72083333  0.71806667  0.7215      0.7229    ]
Mean 0.71695 Standard Deviation 0.00195199328323
RF 80 10 [ 0.71753333  0.71273333  0.71916667  0.71693333  0.71676667  0.72006667
  0.71826667  0.71653333  0.71523333  0.71626667]
Mean 0.71307 Standard Deviation 0.00222822550225
RF 80 15 [ 0.71343333  0.7089      0.7158      0.712       0.71373333  0.71633333
  0.7151      0.71306667  0.71043333  0.7119    ]
Best DT:  (0.72057000000000004, (80, 5))
Number of samples, Number of features:  (300000, 26)
Number of samples, Number of features:  (300000, 26)
K: 30
Using Random Forests
Mean 0.73876 Standard Deviation 0.00128830638178
RF 40 5 [ 0.7373      0.74086667  0.738       0.73826667  0.74043333  0.73896667
  0.73963333  0.73773333  0.7368      0.7396    ]
Mean 0.735563333333 Standard Deviation 0.00220904453956
RF 40 10 [ 0.73543333  0.73686667  0.73336667  0.73486667  0.73846667  0.73683333
  0.73943333  0.7327      0.7327      0.73496667]
Mean 0.732816666667 Standard Deviation 0.00264290454698
RF 40 15 [ 0.7323      0.73753333  0.72936667  0.73363333  0.73523333  0.73423333
  0.73416667  0.73033333  0.72846667  0.7329    ]
Mean 0.739743333333 Standard Deviation 0.00108269724916
RF 60 5 [ 0.7392      0.74023333  0.7381      0.73956667  0.74143333  0.74163333
  0.7398      0.73873333  0.73876667  0.73996667]
Mean 0.73647 Standard Deviation 0.00230975948724
RF 60 10 [ 0.73496667  0.73893333  0.7344      0.73633333  0.7398      0.7376
  0.7398      0.73353333  0.73363333  0.7357    ]
Mean 0.73357 Standard Deviation 0.00249561615638
RF 60 15 [ 0.73296667  0.73783333  0.73093333  0.7345      0.73536667  0.73426667
  0.73663333  0.7298      0.7308      0.7326    ]
Mean 0.740263333333 Standard Deviation 0.000994926016233
RF 80 5 [ 0.74103333  0.74053333  0.7393      0.73986667  0.74176667  0.7412
  0.74116667  0.73913333  0.73856667  0.74006667]
Mean 0.736603333333 Standard Deviation 0.00208265055478
RF 80 10 [ 0.7351      0.73856667  0.7351      0.7354      0.73963333  0.73726667
  0.74036667  0.73486667  0.73426667  0.73546667]
Mean 0.733916666667 Standard Deviation 0.00242272803078
RF 80 15 [ 0.73363333  0.73866667  0.73253333  0.73363333  0.7355      0.73566667
  0.73593333  0.7306      0.73056667  0.73243333]
Best DT:  (0.74026333333333327, (80, 5))
[(80, 5), (80, 5), (80, 5)]
[0.70583666666666667, 0.72057000000000004, 0.74026333333333327]
