Number of samples, Number of features:  (100000, 22)
Number of samples, Number of features:  (100000, 22)
K: 1
Using Random Forests
Mean 0.70851 Standard Deviation 0.0051979707579
RF 40 5 [ 0.7088  0.7079  0.7118  0.7009  0.705   0.7138  0.6998  0.7088  0.7109
  0.7174]
Mean 0.69959 Standard Deviation 0.00496154209898
RF 40 10 [ 0.6991  0.6979  0.7039  0.6942  0.6984  0.7028  0.6901  0.6971  0.7064
  0.706 ]
Mean 0.69423 Standard Deviation 0.00488427067227
RF 40 15 [ 0.692   0.6912  0.6945  0.6879  0.6924  0.6985  0.6877  0.6942  0.7013
  0.7026]
Mean 0.70961 Standard Deviation 0.00534367850829
RF 60 5 [ 0.7119  0.7051  0.7141  0.7025  0.7074  0.7155  0.701   0.7085  0.7123
  0.7178]
Mean 0.70059 Standard Deviation 0.00520450766163
RF 60 10 [ 0.6983  0.6948  0.702   0.6979  0.6981  0.7063  0.6921  0.7003  0.7075
  0.7086]
Mean 0.69689 Standard Deviation 0.00423920983203
RF 60 15 [ 0.6943  0.695   0.6972  0.6941  0.6951  0.7009  0.6897  0.6959  0.7016
  0.7051]
Mean 0.70969 Standard Deviation 0.00510890399205
RF 80 5 [ 0.7097  0.7065  0.713   0.7022  0.7077  0.7172  0.703   0.7071  0.713
  0.7175]
Mean 0.70114 Standard Deviation 0.00468981875982
RF 80 10 [ 0.6982  0.6982  0.704   0.6988  0.6979  0.7045  0.6929  0.7013  0.7055
  0.7101]
