Number of samples, Number of features:  (300000, 26)
Number of samples, Number of features:  (300000, 26)
K: 7
Using Random Forests
Mean 0.699803333333 Standard Deviation 0.00232510214829
RF 20 [ 0.70146667  0.69946667  0.69813333  0.7002      0.7022      0.70193333
  0.6978      0.69583333  0.70343333  0.69756667]
Mean 0.69946 Standard Deviation 0.00301193182747
RF 40 [ 0.6991      0.7009      0.6958      0.69783333  0.70676667  0.7007
  0.70006667  0.69596667  0.70013333  0.69733333]
Mean 0.6991 Standard Deviation 0.00248291942859
RF 60 [ 0.69713333  0.70136667  0.6989      0.69926667  0.70373333  0.70116667
  0.6991      0.69603333  0.69936667  0.69493333]
Mean 0.69875 Standard Deviation 0.00293466825685
RF 80 [ 0.6972      0.69943333  0.69573333  0.69953333  0.7046      0.70193333
  0.6978      0.69546667  0.70073333  0.69506667]
Mean 0.69894 Standard Deviation 0.0023292726571
RF 100 [ 0.69803333  0.7008      0.69916667  0.6989      0.70306667  0.69936667
  0.69906667  0.69363333  0.70016667  0.6972    ]
Mean 0.699076666667 Standard Deviation 0.00236281611642
RF 120 [ 0.69836667  0.7003      0.69666667  0.69706667  0.7039      0.70276667
  0.69723333  0.69773333  0.6977      0.69903333]
Mean 0.69859 Standard Deviation 0.00317721226514
RF 140 [ 0.69653333  0.70046667  0.697       0.6995      0.70583333  0.69916667
  0.7001      0.6968      0.6974      0.6931    ]
Mean 0.699956666667 Standard Deviation 0.00229468225832
RF 160 [ 0.69763333  0.70343333  0.69823333  0.69963333  0.70436667  0.70053333
  0.7009      0.69953333  0.6971      0.6982    ]
Mean 0.699873333333 Standard Deviation 0.00179702222827
RF 180 [ 0.6983      0.6984      0.69903333  0.69833333  0.70353333  0.7004
  0.6995      0.69873333  0.70293333  0.69956667]
Mean 0.699626666667 Standard Deviation 0.00199932210734
RF 200 [ 0.69843333  0.70176667  0.69853333  0.6996      0.70303333  0.7022
  0.6989      0.69886667  0.6989      0.69603333]
Mean 0.698926666667 Standard Deviation 0.00259502943678
RF 220 [ 0.6974      0.70056667  0.6974      0.69583333  0.70333333  0.70203333
  0.70033333  0.69533333  0.70026667  0.69676667]
Mean 0.697723333333 Standard Deviation 0.00279424209561
RF 240 [ 0.69643333  0.69963333  0.69566667  0.6984      0.70346667  0.69883333
  0.69846667  0.69233333  0.69826667  0.69573333]
Mean 0.698633333333 Standard Deviation 0.00294708895918
RF 260 [ 0.6994      0.70076667  0.69686667  0.6988      0.70236667  0.7029
  0.6999      0.6954      0.6969      0.69303333]
Mean 0.698466666667 Standard Deviation 0.00192602065294
RF 280 [ 0.7003      0.6994      0.6996      0.69586667  0.70056667  0.70103333
  0.69883333  0.69653333  0.69663333  0.6959    ]
Mean 0.6995 Standard Deviation 0.00219195498737
RF 300 [ 0.70136667  0.7031      0.69866667  0.69933333  0.7024      0.70063333
  0.6982      0.69786667  0.6959      0.69753333]
Mean 0.699453333333 Standard Deviation 0.0023142649421
RF 320 [ 0.6984      0.70176667  0.69713333  0.69953333  0.704       0.70053333
  0.69803333  0.6961      0.70133333  0.6977    ]
Mean 0.69953 Standard Deviation 0.00221692730297
RF 340 [ 0.69563333  0.704       0.6981      0.69996667  0.7         0.70096667
  0.70153333  0.69836667  0.69753333  0.6992    ]
Mean 0.69885 Standard Deviation 0.00295440349309
RF 360 [ 0.6983      0.70323333  0.6979      0.6967      0.69856667  0.7038
  0.70126667  0.69363333  0.69833333  0.69676667]
Mean 0.700533333333 Standard Deviation 0.00234506574179
RF 380 [ 0.7015      0.7028      0.698       0.70033333  0.70376667  0.70326667
  0.70186667  0.69773333  0.69913333  0.69693333]
Mean 0.699996666667 Standard Deviation 0.00232987601005
RF 400 [ 0.70053333  0.7003      0.69763333  0.6963      0.70403333  0.70373333
  0.70016667  0.6996      0.69796667  0.6997    ]
Mean 0.69944 Standard Deviation 0.00239827715941
RF 420 [ 0.70133333  0.6999      0.6976      0.69423333  0.70346667  0.7017
  0.69816667  0.69946667  0.69893333  0.6996    ]
Mean 0.699263333333 Standard Deviation 0.0022331069537
RF 440 [ 0.6995      0.6978      0.69883333  0.69856667  0.70386667  0.70303333
  0.69866667  0.697       0.69843333  0.69693333]
Mean 0.698773333333 Standard Deviation 0.0024718324287
RF 460 [ 0.6962      0.69953333  0.69806667  0.69926667  0.70206667  0.7015
  0.6971      0.69926667  0.7011      0.69363333]
Mean 0.698036666667 Standard Deviation 0.00247352425139
RF 480 [ 0.69456667  0.69716667  0.69906667  0.69843333  0.70246667  0.69933333
  0.69633333  0.69643333  0.70146667  0.6951    ]
Best DT:  (0.70053333333333323, 380)
Number of samples, Number of features:  (300000, 26)
Number of samples, Number of features:  (300000, 26)
K: 15
Using Random Forests
Mean 0.7185 Standard Deviation 0.00214879811368
RF 20 [ 0.7146      0.71593333  0.72106667  0.71786667  0.71873333  0.71893333
  0.71706667  0.7184      0.7207      0.7217    ]
Mean 0.718296666667 Standard Deviation 0.00179873103418
RF 40 [ 0.71516667  0.71766667  0.71876667  0.71693333  0.7186      0.71616667
  0.71913333  0.71853333  0.7212      0.7208    ]
Mean 0.717733333333 Standard Deviation 0.00214957360113
RF 60 [ 0.71373333  0.71503333  0.71953333  0.7178      0.7158      0.72093333
  0.7175      0.71973333  0.71873333  0.71853333]
Mean 0.718626666667 Standard Deviation 0.00106935078955
RF 80 [ 0.71816667  0.71783333  0.7182      0.7191      0.7173      0.71876667
  0.7192      0.71733333  0.7193      0.72106667]
Mean 0.717893333333 Standard Deviation 0.00217249472573
RF 100 [ 0.71453333  0.71426667  0.71996667  0.71856667  0.71686667  0.72066667
  0.72026667  0.71683333  0.71753333  0.71943333]
Mean 0.71785 Standard Deviation 0.0018905760439
RF 120 [ 0.7176      0.71413333  0.72113333  0.71566667  0.71713333  0.71736667
  0.71853333  0.71843333  0.7186      0.7199    ]
Mean 0.717976666667 Standard Deviation 0.00165536501514
RF 140 [ 0.71733333  0.7152      0.72086667  0.718       0.7154      0.71963333
  0.7189      0.71813333  0.7176      0.7187    ]
Mean 0.71781 Standard Deviation 0.0020022792568
RF 160 [ 0.71473333  0.71523333  0.72106667  0.7165      0.7167      0.71806667
  0.71913333  0.72006667  0.71706667  0.71953333]
Mean 0.7179 Standard Deviation 0.00162261791217
RF 180 [ 0.71426667  0.71736667  0.72033333  0.71853333  0.71856667  0.72013333
  0.71753333  0.71706667  0.7178      0.7174    ]
Mean 0.7171 Standard Deviation 0.00187610708057
RF 200 [ 0.71443333  0.71316667  0.71893333  0.7166      0.71826667  0.7182
  0.71953333  0.71773333  0.71683333  0.7173    ]
Mean 0.717286666667 Standard Deviation 0.00180709711969
RF 220 [ 0.71423333  0.71726667  0.7193      0.71633333  0.7146      0.71986667
  0.71666667  0.71893333  0.71846667  0.7172    ]
Mean 0.717643333333 Standard Deviation 0.00167106419851
RF 240 [ 0.714       0.71816667  0.7202      0.7197      0.71883333  0.71733333
  0.71706667  0.71736667  0.71636667  0.7174    ]
Mean 0.717413333333 Standard Deviation 0.0018019248967
RF 260 [ 0.71493333  0.71453333  0.72063333  0.7179      0.71676667  0.71843333
  0.7181      0.7195      0.71676667  0.71656667]
Mean 0.716996666667 Standard Deviation 0.00212218179135
RF 280 [ 0.7149      0.71433333  0.7205      0.71656667  0.71403333  0.7199
  0.71633333  0.71833333  0.7168      0.71826667]
Mean 0.71724 Standard Deviation 0.00187538440504
RF 300 [ 0.71403333  0.7143      0.7199      0.7176      0.71873333  0.71816667
  0.7155      0.71756667  0.71776667  0.71883333]
Mean 0.717456666667 Standard Deviation 0.00202890501393
RF 320 [ 0.71683333  0.7173      0.72003333  0.71746667  0.71413333  0.721       0.7164
  0.71536667  0.71653333  0.7195    ]
